0
1
1
0
1
2
3
2
4
5
7
6
9
10
13
12
16
17
21
20
25
26
31
30
36
37
43
42
49
50
57
56
64
65
73
72
81
82
91
90
100
101
111
110
121
122
133
132
144
145
157
156
169
170
183
182
196
197
211
210
225
226
241
240
256
257
273
272
289
290
307
306
324
325
343
342
361
362
381
380
400
401
421
420
441
442
463
462
484
485
507
506
529
530
553
552
576
577
601
600
625
626
651
650
676
677
703
702
729
730
757
756
784
785
813
812
841
842
871
870
900
901
931
930
961
962
993
992
1024
1025
1057
1056
1089
1090
1123
1122
1156
1157
1191
1190
1225
1226
1261
1260
1296
1297
1333
1332
1369
1370
1407
1406
1444
1445
1483
1482
1521
1522
1561
1560
1600
1601
1641
1640
1681
1682
1723
1722
1764
1765
1807
1806
1849
1850
1893
1892
1936
1937
1981
1980
2025
2026
2071
2070
2116
2117
1
0
0
2
3
1
2
4
6
4
6
8
11
9
12
14
18
16
20
22
27
25
30
32
38
36
42
44
51
49
56
58
66
64
72
74
83
81
90
92
102
100
110
112
123
121
132
134
146
144
156
158
171
169
182
184
198
196
210
212
227
225
240
242
258
256
272
274
291
289
306
308
326
324
342
344
363
361
380
382
402
400
420
422
443
441
462
464
486
484
506
508
531
529
552
554
578
576
600
602
627
625
650
652
678
676
702
704
731
729
756
758
786
784
812
814
843
841
870
872
902
900
930
932
963
961
992
994
1026
1024
1056
1058
1091
1089
1122
1124
1158
1156
1190
1192
1227
1225
1260
1262
1298
1296
1332
1334
1371
1369
1406
1408
1446
1444
1482
1484
1523
1521
1560
1562
1602
1600
1640
1642
1683
1681
1722
1724
1766
1764
1806
1808
1851
1849
1892
1894
1938
1936
1980
1982
2027
2025
2070
2072
2118
2116
1
2
3
1
2
5
6
3
5
8
10
7
10
13
16
13
17
20
24
21
26
29
34
31
37
40
46
43
50
53
60
57
65
68
76
73
82
85
94
91
101
104
114
111
122
125
136
133
145
148
160
157
170
173
186
183
197
200
214
211
226
229
244
241
257
260
276
273
290
293
310
307
325
328
346
343
362
365
384
381
401
404
424
421
442
445
466
463
485
488
510
507
530
533
556
553
577
580
604
601
626
629
654
651
677
680
706
703
730
733
760
757
785
788
816
813
842
845
874
871
901
904
934
931
962
965
996
993
1025
1028
1060
1057
1090
1093
1126
1123
1157
1160
1194
1191
1226
1229
1264
1261
1297
1300
1336
1333
1370
1373
1410
1407
1445
1448
1486
1483
1522
1525
1564
1561
1601
1604
1644
1641
1682
1685
1726
1723
1765
1768
1810
1807
1850
1853
1896
1893
1937
1940
1984
1981
2026
2029
2074
2071
2117
2120
3
2
2
4
6
3
4
8
10
6
8
12
15
11
14
18
22
18
22
26
31
27
32
36
42
38
44
48
55
51
58
62
70
66
74
78
87
83
92
96
106
102
112
116
127
123
134
138
150
146
158
162
175
171
184
188
202
198
212
216
231
227
242
246
262
258
274
278
295
291
308
312
330
326
344
348
367
363
382
386
406
402
422
426
447
443
464
468
490
486
508
512
535
531
554
558
582
578
602
606
631
627
652
656
682
678
704
708
735
731
758
762
790
786
814
818
847
843
872
876
906
902
932
936
967
963
994
998
1030
1026
1058
1062
1095
1091
1124
1128
1162
1158
1192
1196
1231
1227
1262
1266
1302
1298
1334
1338
1375
1371
1408
1412
1450
1446
1484
1488
1527
1523
1562
1566
1606
1602
1642
1646
1687
1683
1724
1728
1770
1766
1808
1812
1855
1851
1894
1898
1942
1938
1982
1986
2031
2027
2072
2076
2122
2118
4
5
6
4
5
8
10
6
8
13
15
10
13
18
21
16
20
25
29
24
29
34
39
34
40
45
51
46
53
58
65
60
68
73
81
76
85
90
99
94
104
109
119
114
125
130
141
136
148
153
165
160
173
178
191
186
200
205
219
214
229
234
249
244
260
265
281
276
293
298
315
310
328
333
351
346
365
370
389
384
404
409
429
424
445
450
471
466
488
493
515
510
533
538
561
556
580
585
609
604
629
634
659
654
680
685
711
706
733
738
765
760
788
793
821
816
845
850
879
874
904
909
939
934
965
970
1001
996
1028
1033
1065
1060
1093
1098
1131
1126
1160
1165
1199
1194
1229
1234
1269
1264
1300
1305
1341
1336
1373
1378
1415
1410
1448
1453
1491
1486
1525
1530
1569
1564
1604
1609
1649
1644
1685
1690
1731
1726
1768
1773
1815
1810
1853
1858
1901
1896
1940
1945
1989
1984
2029
2034
2079
2074
2120
2125
7
6
6
8
10
7
8
12
15
10
12
18
21
15
18
24
28
22
26
32
37
31
36
42
48
42
48
54
61
55
62
68
76
70
78
84
93
87
96
102
112
106
116
122
133
127
138
144
156
150
162
168
181
175
188
194
208
202
216
222
237
231
246
252
268
262
278
284
301
295
312
318
336
330
348
354
373
367
386
392
412
406
426
432
453
447
468
474
496
490
512
518
541
535
558
564
588
582
606
612
637
631
656
662
688
682
708
714
741
735
762
768
796
790
818
824
853
847
876
882
912
906
936
942
973
967
998
1004
1036
1030
1062
1068
1101
1095
1128
1134
1168
1162
1196
1202
1237
1231
1266
1272
1308
1302
1338
1344
1381
1375
1412
1418
1456
1450
1488
1494
1533
1527
1566
1572
1612
1606
1646
1652
1693
1687
1728
1734
1776
1770
1812
1818
1861
1855
1898
1904
1948
1942
1986
1992
2037
2031
2076
2082
2128
2122
9
10
11
9
10
13
15
11
13
18
21
15
18
25
28
21
25
32
36
29
34
41
46
39
45
52
58
51
58
65
72
65
73
80
88
81
90
97
106
99
109
116
126
119
130
137
148
141
153
160
172
165
178
185
198
191
205
212
226
219
234
241
256
249
265
272
288
281
298
305
322
315
333
340
358
351
370
377
396
389
409
416
436
429
450
457
478
471
493
500
522
515
538
545
568
561
585
592
616
609
634
641
666
659
685
692
718
711
738
745
772
765
793
800
828
821
850
857
886
879
909
916
946
939
970
977
1008
1001
1033
1040
1072
1065
1098
1105
1138
1131
1165
1172
1206
1199
1234
1241
1276
1269
1305
1312
1348
1341
1378
1385
1422
1415
1453
1460
1498
1491
1530
1537
1576
1569
1609
1616
1656
1649
1690
1697
1738
1731
1773
1780
1822
1815
1858
1865
1908
1901
1945
1952
1996
1989
2034
2041
2086
2079
2125
2132
13
12
12
14
16
13
14
18
21
16
18
24
28
21
24
32
36
28
32
40
45
37
42
50
56
48
54
62
69
61
68
76
84
76
84
92
101
93
102
110
120
112
122
130
141
133
144
152
164
156
168
176
189
181
194
202
216
208
222
230
245
237
252
260
276
268
284
292
309
301
318
326
344
336
354
362
381
373
392
400
420
412
432
440
461
453
474
482
504
496
518
526
549
541
564
572
596
588
612
620
645
637
662
670
696
688
714
722
749
741
768
776
804
796
824
832
861
853
882
890
920
912
942
950
981
973
1004
1012
1044
1036
1068
1076
1109
1101
1134
1142
1176
1168
1202
1210
1245
1237
1272
1280
1316
1308
1344
1352
1389
1381
1418
1426
1464
1456
1494
1502
1541
1533
1572
1580
1620
1612
1652
1660
1701
1693
1734
1742
1784
1776
1818
1826
1869
1861
1904
1912
1956
1948
1992
2000
2045
2037
2082
2090
2136
2128
16
17
18
16
17
20
22
18
20
25
28
22
25
32
36
28
32
41
45
36
41
50
55
46
52
61
67
58
65
74
81
72
80
89
97
88
97
106
115
106
116
125
135
126
137
146
157
148
160
169
181
172
185
194
207
198
212
221
235
226
241
250
265
256
272
281
297
288
305
314
331
322
340
349
367
358
377
386
405
396
416
425
445
436
457
466
487
478
500
509
531
522
545
554
577
568
592
601
625
616
641
650
675
666
692
701
727
718
745
754
781
772
800
809
837
828
857
866
895
886
916
925
955
946
977
986
1017
1008
1040
1049
1081
1072
1105
1114
1147
1138
1172
1181
1215
1206
1241
1250
1285
1276
1312
1321
1357
1348
1385
1394
1431
1422
1460
1469
1507
1498
1537
1546
1585
1576
1616
1625
1665
1656
1697
1706
1747
1738
1780
1789
1831
1822
1865
1874
1917
1908
1952
1961
2005
1996
2041
2050
2095
2086
2132
2141
21
20
20
22
24
21
22
26
29
24
26
32
36
29
32
40
45
36
40
50
55
45
50
60
66
56
62
72
79
69
76
86
94
84
92
102
111
101
110
120
130
120
130
140
151
141
152
162
174
164
176
186
199
189
202
212
226
216
230
240
255
245
260
270
286
276
292
302
319
309
326
336
354
344
362
372
391
381
400
410
430
420
440
450
471
461
482
492
514
504
526
536
559
549
572
582
606
596
620
630
655
645
670
680
706
696
722
732
759
749
776
786
814
804
832
842
871
861
890
900
930
920
950
960
991
981
1012
1022
1054
1044
1076
1086
1119
1109
1142
1152
1186
1176
1210
1220
1255
1245
1280
1290
1326
1316
1352
1362
1399
1389
1426
1436
1474
1464
1502
1512
1551
1541
1580
1590
1630
1620
1660
1670
1711
1701
1742
1752
1794
1784
1826
1836
1879
1869
1912
1922
1966
1956
2000
2010
2055
2045
2090
2100
2146
2136
25
26
27
25
26
29
31
27
29
34
37
31
34
41
45
37
41
50
55
45
50
61
66
55
61
72
78
67
74
85
92
81
89
100
108
97
106
117
126
115
125
136
146
135
146
157
168
157
169
180
192
181
194
205
218
207
221
232
246
235
250
261
276
265
281
292
308
297
314
325
342
331
349
360
378
367
386
397
416
405
425
436
456
445
466
477
498
487
509
520
542
531
554
565
588
577
601
612
636
625
650
661
686
675
701
712
738
727
754
765
792
781
809
820
848
837
866
877
906
895
925
936
966
955
986
997
1028
1017
1049
1060
1092
1081
1114
1125
1158
1147
1181
1192
1226
1215
1250
1261
1296
1285
1321
1332
1368
1357
1394
1405
1442
1431
1469
1480
1518
1507
1546
1557
1596
1585
1625
1636
1676
1665
1706
1717
1758
1747
1789
1800
1842
1831
1874
1885
1928
1917
1961
1972
2016
2005
2050
2061
2106
2095
2141
2152
31
30
30
32
34
31
32
36
39
34
36
42
46
39
42
50
55
46
50
60
66
55
60
72
78
66
72
84
91
79
86
98
106
94
102
114
123
111
120
132
142
130
140
152
163
151
162
174
186
174
186
198
211
199
212
224
238
226
240
252
267
255
270
282
298
286
302
314
331
319
336
348
366
354
372
384
403
391
410
422
442
430
450
462
483
471
492
504
526
514
536
548
571
559
582
594
618
606
630
642
667
655
680
692
718
706
732
744
771
759
786
798
826
814
842
854
883
871
900
912
942
930
960
972
1003
991
1022
1034
1066
1054
1086
1098
1131
1119
1152
1164
1198
1186
1220
1232
1267
1255
1290
1302
1338
1326
1362
1374
1411
1399
1436
1448
1486
1474
1512
1524
1563
1551
1590
1602
1642
1630
1670
1682
1723
1711
1752
1764
1806
1794
1836
1848
1891
1879
1922
1934
1978
1966
2010
2022
2067
2055
2100
2112
2158
2146
36
37
38
36
37
40
42
38
40
45
48
42
45
52
56
48
52
61
66
56
61
72
78
66
72
85
91
78
85
98
105
92
100
113
121
108
117
130
139
126
136
149
159
146
157
170
181
168
180
193
205
192
205
218
231
218
232
245
259
246
261
274
289
276
292
305
321
308
325
338
355
342
360
373
391
378
397
410
429
416
436
449
469
456
477
490
511
498
520
533
555
542
565
578
601
588
612
625
649
636
661
674
699
686
712
725
751
738
765
778
805
792
820
833
861
848
877
890
919
906
936
949
979
966
997
1010
1041
1028
1060
1073
1105
1092
1125
1138
1171
1158
1192
1205
1239
1226
1261
1274
1309
1296
1332
1345
1381
1368
1405
1418
1455
1442
1480
1493
1531
1518
1557
1570
1609
1596
1636
1649
1689
1676
1717
1730
1771
1758
1800
1813
1855
1842
1885
1898
1941
1928
1972
1985
2029
2016
2061
2074
2119
2106
2152
2165
43
42
42
44
46
43
44
48
51
46
48
54
58
51
54
62
67
58
62
72
78
67
72
84
91
78
84
98
105
91
98
112
120
106
114
128
137
123
132
146
156
142
152
166
177
163
174
188
200
186
198
212
225
211
224
238
252
238
252
266
281
267
282
296
312
298
314
328
345
331
348
362
380
366
384
398
417
403
422
436
456
442
462
476
497
483
504
518
540
526
548
562
585
571
594
608
632
618
642
656
681
667
692
706
732
718
744
758
785
771
798
812
840
826
854
868
897
883
912
926
956
942
972
986
1017
1003
1034
1048
1080
1066
1098
1112
1145
1131
1164
1178
1212
1198
1232
1246
1281
1267
1302
1316
1352
1338
1374
1388
1425
1411
1448
1462
1500
1486
1524
1538
1577
1563
1602
1616
1656
1642
1682
1696
1737
1723
1764
1778
1820
1806
1848
1862
1905
1891
1934
1948
1992
1978
2022
2036
2081
2067
2112
2126
2172
2158
49
50
51
49
50
53
55
51
53
58
61
55
58
65
69
61
65
74
79
69
74
85
91
79
85
98
105
91
98
113
120
105
113
128
136
121
130
145
154
139
149
164
174
159
170
185
196
181
193
208
220
205
218
233
246
231
245
260
274
259
274
289
304
289
305
320
336
321
338
353
370
355
373
388
406
391
410
425
444
429
449
464
484
469
490
505
526
511
533
548
570
555
578
593
616
601
625
640
664
649
674
689
714
699
725
740
766
751
778
793
820
805
833
848
876
861
890
905
934
919
949
964
994
979
1010
1025
1056
1041
1073
1088
1120
1105
1138
1153
1186
1171
1205
1220
1254
1239
1274
1289
1324
1309
1345
1360
1396
1381
1418
1433
1470
1455
1493
1508
1546
1531
1570
1585
1624
1609
1649
1664
1704
1689
1730
1745
1786
1771
1813
1828
1870
1855
1898
1913
1956
1941
1985
2000
2044
2029
2074
2089
2134
2119
2165
2180
57
56
56
58
60
57
58
62
65
60
62
68
72
65
68
76
81
72
76
86
92
81
86
98
105
92
98
112
120
105
112
128
136
120
128
144
153
137
146
162
172
156
166
182
193
177
188
204
216
200
212
228
241
225
238
254
268
252
266
282
297
281
296
312
328
312
328
344
361
345
362
378
396
380
398
414
433
417
436
452
472
456
476
492
513
497
518
534
556
540
562
578
601
585
608
624
648
632
656
672
697
681
706
722
748
732
758
774
801
785
812
828
856
840
868
884
913
897
926
942
972
956
986
1002
1033
1017
1048
1064
1096
1080
1112
1128
1161
1145
1178
1194
1228
1212
1246
1262
1297
1281
1316
1332
1368
1352
1388
1404
1441
1425
1462
1478
1516
1500
1538
1554
1593
1577
1616
1632
1672
1656
1696
1712
1753
1737
1778
1794
1836
1820
1862
1878
1921
1905
1948
1964
2008
1992
2036
2052
2097
2081
2126
2142
2188
2172
64
65
66
64
65
68
70
66
68
73
76
70
73
80
84
76
80
89
94
84
89
100
106
94
100
113
120
106
113
128
136
120
128
145
153
136
145
162
171
154
164
181
191
174
185
202
213
196
208
225
237
220
233
250
263
246
260
277
291
274
289
306
321
304
320
337
353
336
353
370
387
370
388
405
423
406
425
442
461
444
464
481
501
484
505
522
543
526
548
565
587
570
593
610
633
616
640
657
681
664
689
706
731
714
740
757
783
766
793
810
837
820
848
865
893
876
905
922
951
934
964
981
1011
994
1025
1042
1073
1056
1088
1105
1137
1120
1153
1170
1203
1186
1220
1237
1271
1254
1289
1306
1341
1324
1360
1377
1413
1396
1433
1450
1487
1470
1508
1525
1563
1546
1585
1602
1641
1624
1664
1681
1721
1704
1745
1762
1803
1786
1828
1845
1887
1870
1913
1930
1973
1956
2000
2017
2061
2044
2089
2106
2151
2134
2180
2197
73
72
72
74
76
73
74
78
81
76
78
84
88
81
84
92
97
88
92
102
108
97
102
114
121
108
114
128
136
121
128
144
153
136
144
162
171
153
162
180
190
172
182
200
211
193
204
222
234
216
228
246
259
241
254
272
286
268
282
300
315
297
312
330
346
328
344
362
379
361
378
396
414
396
414
432
451
433
452
470
490
472
492
510
531
513
534
552
574
556
578
596
619
601
624
642
666
648
672
690
715
697
722
740
766
748
774
792
819
801
828
846
874
856
884
902
931
913
942
960
990
972
1002
1020
1051
1033
1064
1082
1114
1096
1128
1146
1179
1161
1194
1212
1246
1228
1262
1280
1315
1297
1332
1350
1386
1368
1404
1422
1459
1441
1478
1496
1534
1516
1554
1572
1611
1593
1632
1650
1690
1672
1712
1730
1771
1753
1794
1812
1854
1836
1878
1896
1939
1921
1964
1982
2026
2008
2052
2070
2115
2097
2142
2160
2206
2188
81
82
83
81
82
85
87
83
85
90
93
87
90
97
101
93
97
106
111
101
106
117
123
111
117
130
137
123
130
145
153
137
145
162
171
153
162
181
190
171
181
200
210
191
202
221
232
213
225
244
256
237
250
269
282
263
277
296
310
291
306
325
340
321
337
356
372
353
370
389
406
387
405
424
442
423
442
461
480
461
481
500
520
501
522
541
562
543
565
584
606
587
610
629
652
633
657
676
700
681
706
725
750
731
757
776
802
783
810
829
856
837
865
884
912
893
922
941
970
951
981
1000
1030
1011
1042
1061
1092
1073
1105
1124
1156
1137
1170
1189
1222
1203
1237
1256
1290
1271
1306
1325
1360
1341
1377
1396
1432
1413
1450
1469
1506
1487
1525
1544
1582
1563
1602
1621
1660
1641
1681
1700
1740
1721
1762
1781
1822
1803
1845
1864
1906
1887
1930
1949
1992
1973
2017
2036
2080
2061
2106
2125
2170
2151
2197
2216
91
90
90
92
94
91
92
96
99
94
96
102
106
99
102
110
115
106
110
120
126
115
120
132
139
126
132
146
154
139
146
162
171
154
162
180
190
171
180
200
210
190
200
220
231
211
222
242
254
234
246
266
279
259
272
292
306
286
300
320
335
315
330
350
366
346
362
382
399
379
396
416
434
414
432
452
471
451
470
490
510
490
510
530
551
531
552
572
594
574
596
616
639
619
642
662
686
666
690
710
735
715
740
760
786
766
792
812
839
819
846
866
894
874
902
922
951
931
960
980
1010
990
1020
1040
1071
1051
1082
1102
1134
1114
1146
1166
1199
1179
1212
1232
1266
1246
1280
1300
1335
1315
1350
1370
1406
1386
1422
1442
1479
1459
1496
1516
1554
1534
1572
1592
1631
1611
1650
1670
1710
1690
1730
1750
1791
1771
1812
1832
1874
1854
1896
1916
1959
1939
1982
2002
2046
2026
2070
2090
2135
2115
2160
2180
2226
2206
100
101
102
100
101
104
106
102
104
109
112
106
109
116
120
112
116
125
130
120
125
136
142
130
136
149
156
142
149
164
172
156
164
181
190
172
181
200
210
190
200
221
231
210
221
242
253
232
244
265
277
256
269
290
303
282
296
317
331
310
325
346
361
340
356
377
393
372
389
410
427
406
424
445
463
442
461
482
501
480
500
521
541
520
541
562
583
562
584
605
627
606
629
650
673
652
676
697
721
700
725
746
771
750
776
797
823
802
829
850
877
856
884
905
933
912
941
962
991
970
1000
1021
1051
1030
1061
1082
1113
1092
1124
1145
1177
1156
1189
1210
1243
1222
1256
1277
1311
1290
1325
1346
1381
1360
1396
1417
1453
1432
1469
1490
1527
1506
1544
1565
1603
1582
1621
1642
1681
1660
1700
1721
1761
1740
1781
1802
1843
1822
1864
1885
1927
1906
1949
1970
2013
1992
2036
2057
2101
2080
2125
2146
2191
2170
2216
2237
111
110
110
112
114
111
112
116
119
114
116
122
126
119
122
130
135
126
130
140
146
135
140
152
159
146
152
166
174
159
166
182
191
174
182
200
210
191
200
220
231
210
220
242
253
231
242
264
276
254
266
288
301
279
292
314
328
306
320
342
357
335
350
372
388
366
382
404
421
399
416
438
456
434
452
474
493
471
490
512
532
510
530
552
573
551
572
594
616
594
616
638
661
639
662
684
708
686
710
732
757
735
760
782
808
786
812
834
861
839
866
888
916
894
922
944
973
951
980
1002
1032
1010
1040
1062
1093
1071
1102
1124
1156
1134
1166
1188
1221
1199
1232
1254
1288
1266
1300
1322
1357
1335
1370
1392
1428
1406
1442
1464
1501
1479
1516
1538
1576
1554
1592
1614
1653
1631
1670
1692
1732
1710
1750
1772
1813
1791
1832
1854
1896
1874
1916
1938
1981
1959
2002
2024
2068
2046
2090
2112
2157
2135
2180
2202
2248
2226
121
122
123
121
122
125
127
123
125
130
133
127
130
137
141
133
137
146
151
141
146
157
163
151
157
170
177
163
170
185
193
177
185
202
211
193
202
221
231
211
221
242
253
231
242
265
276
253
265
288
300
277
290
313
326
303
317
340
354
331
346
369
384
361
377
400
416
393
410
433
450
427
445
468
486
463
482
505
524
501
521
544
564
541
562
585
606
583
605
628
650
627
650
673
696
673
697
720
744
721
746
769
794
771
797
820
846
823
850
873
900
877
905
928
956
933
962
985
1014
991
1021
1044
1074
1051
1082
1105
1136
1113
1145
1168
1200
1177
1210
1233
1266
1243
1277
1300
1334
1311
1346
1369
1404
1381
1417
1440
1476
1453
1490
1513
1550
1527
1565
1588
1626
1603
1642
1665
1704
1681
1721
1744
1784
1761
1802
1825
1866
1843
1885
1908
1950
1927
1970
1993
2036
2013
2057
2080
2124
2101
2146
2169
2214
2191
2237
2260
133
132
132
134
136
133
134
138
141
136
138
144
148
141
144
152
157
148
152
162
168
157
162
174
181
168
174
188
196
181
188
204
213
196
204
222
232
213
222
242
253
232
242
264
276
253
264
288
300
276
288
312
325
301
314
338
352
328
342
366
381
357
372
396
412
388
404
428
445
421
438
462
480
456
474
498
517
493
512
536
556
532
552
576
597
573
594
618
640
616
638
662
685
661
684
708
732
708
732
756
781
757
782
806
832
808
834
858
885
861
888
912
940
916
944
968
997
973
1002
1026
1056
1032
1062
1086
1117
1093
1124
1148
1180
1156
1188
1212
1245
1221
1254
1278
1312
1288
1322
1346
1381
1357
1392
1416
1452
1428
1464
1488
1525
1501
1538
1562
1600
1576
1614
1638
1677
1653
1692
1716
1756
1732
1772
1796
1837
1813
1854
1878
1920
1896
1938
1962
2005
1981
2024
2048
2092
2068
2112
2136
2181
2157
2202
2226
2272
2248
144
145
146
144
145
148
150
146
148
153
156
150
153
160
164
156
160
169
174
164
169
180
186
174
180
193
200
186
193
208
216
200
208
225
234
216
225
244
254
234
244
265
276
254
265
288
300
276
288
313
325
300
313
338
351
326
340
365
379
354
369
394
409
384
400
425
441
416
433
458
475
450
468
493
511
486
505
530
549
524
544
569
589
564
585
610
631
606
628
653
675
650
673
698
721
696
720
745
769
744
769
794
819
794
820
845
871
846
873
898
925
900
928
953
981
956
985
1010
1039
1014
1044
1069
1099
1074
1105
1130
1161
1136
1168
1193
1225
1200
1233
1258
1291
1266
1300
1325
1359
1334
1369
1394
1429
1404
1440
1465
1501
1476
1513
1538
1575
1550
1588
1613
1651
1626
1665
1690
1729
1704
1744
1769
1809
1784
1825
1850
1891
1866
1908
1933
1975
1950
1993
2018
2061
2036
2080
2105
2149
2124
2169
2194
2239
2214
2260
2285
157
156
156
158
160
157
158
162
165
160
162
168
172
165
168
176
181
172
176
186
192
181
186
198
205
192
198
212
220
205
212
228
237
220
228
246
256
237
246
266
277
256
266
288
300
277
288
312
325
300
312
338
351
325
338
364
378
352
366
392
407
381
396
422
438
412
428
454
471
445
462
488
506
480
498
524
543
517
536
562
582
556
576
602
623
597
618
644
666
640
662
688
711
685
708
734
758
732
756
782
807
781
806
832
858
832
858
884
911
885
912
938
966
940
968
994
1023
997
1026
1052
1082
1056
1086
1112
1143
1117
1148
1174
1206
1180
1212
1238
1271
1245
1278
1304
1338
1312
1346
1372
1407
1381
1416
1442
1478
1452
1488
1514
1551
1525
1562
1588
1626
1600
1638
1664
1703
1677
1716
1742
1782
1756
1796
1822
1863
1837
1878
1904
1946
1920
1962
1988
2031
2005
2048
2074
2118
2092
2136
2162
2207
2181
2226
2252
2298
2272
169
170
171
169
170
173
175
171
173
178
181
175
178
185
189
181
185
194
199
189
194
205
211
199
205
218
225
211
218
233
241
225
233
250
259
241
250
269
279
259
269
290
301
279
290
313
325
301
313
338
351
325
338
365
378
351
365
392
406
379
394
421
436
409
425
452
468
441
458
485
502
475
493
520
538
511
530
557
576
549
569
596
616
589
610
637
658
631
653
680
702
675
698
725
748
721
745
772
796
769
794
821
846
819
845
872
898
871
898
925
952
925
953
980
1008
981
1010
1037
1066
1039
1069
1096
1126
1099
1130
1157
1188
1161
1193
1220
1252
1225
1258
1285
1318
1291
1325
1352
1386
1359
1394
1421
1456
1429
1465
1492
1528
1501
1538
1565
1602
1575
1613
1640
1678
1651
1690
1717
1756
1729
1769
1796
1836
1809
1850
1877
1918
1891
1933
1960
2002
1975
2018
2045
2088
2061
2105
2132
2176
2149
2194
2221
2266
2239
2285
2312
183
182
182
184
186
183
184
188
191
186
188
194
198
191
194
202
207
198
202
212
218
207
212
224
231
218
224
238
246
231
238
254
263
246
254
272
282
263
272
292
303
282
292
314
326
303
314
338
351
326
338
364
378
351
364
392
406
378
392
420
435
407
422
450
466
438
454
482
499
471
488
516
534
506
524
552
571
543
562
590
610
582
602
630
651
623
644
672
694
666
688
716
739
711
734
762
786
758
782
810
835
807
832
860
886
858
884
912
939
911
938
966
994
966
994
1022
1051
1023
1052
1080
1110
1082
1112
1140
1171
1143
1174
1202
1234
1206
1238
1266
1299
1271
1304
1332
1366
1338
1372
1400
1435
1407
1442
1470
1506
1478
1514
1542
1579
1551
1588
1616
1654
1626
1664
1692
1731
1703
1742
1770
1810
1782
1822
1850
1891
1863
1904
1932
1974
1946
1988
2016
2059
2031
2074
2102
2146
2118
2162
2190
2235
2207
2252
2280
2326
2298
196
197
198
196
197
200
202
198
200
205
208
202
205
212
216
208
212
221
226
216
221
232
238
226
232
245
252
238
245
260
268
252
260
277
286
268
277
296
306
286
296
317
328
306
317
340
352
328
340
365
378
352
365
392
406
378
392
421
435
406
421
450
465
436
452
481
497
468
485
514
531
502
520
549
567
538
557
586
605
576
596
625
645
616
637
666
687
658
680
709
731
702
725
754
777
748
772
801
825
796
821
850
875
846
872
901
927
898
925
954
981
952
980
1009
1037
1008
1037
1066
1095
1066
1096
1125
1155
1126
1157
1186
1217
1188
1220
1249
1281
1252
1285
1314
1347
1318
1352
1381
1415
1386
1421
1450
1485
1456
1492
1521
1557
1528
1565
1594
1631
1602
1640
1669
1707
1678
1717
1746
1785
1756
1796
1825
1865
1836
1877
1906
1947
1918
1960
1989
2031
2002
2045
2074
2117
2088
2132
2161
2205
2176
2221
2250
2295
2266
2312
2341
211
210
210
212
214
211
212
216
219
214
216
222
226
219
222
230
235
226
230
240
246
235
240
252
259
246
252
266
274
259
266
282
291
274
282
300
310
291
300
320
331
310
320
342
354
331
342
366
379
354
366
392
406
379
392
420
435
406
420
450
465
435
450
480
496
466
482
512
529
499
516
546
564
534
552
582
601
571
590
620
640
610
630
660
681
651
672
702
724
694
716
746
769
739
762
792
816
786
810
840
865
835
860
890
916
886
912
942
969
939
966
996
1024
994
1022
1052
1081
1051
1080
1110
1140
1110
1140
1170
1201
1171
1202
1232
1264
1234
1266
1296
1329
1299
1332
1362
1396
1366
1400
1430
1465
1435
1470
1500
1536
1506
1542
1572
1609
1579
1616
1646
1684
1654
1692
1722
1761
1731
1770
1800
1840
1810
1850
1880
1921
1891
1932
1962
2004
1974
2016
2046
2089
2059
2102
2132
2176
2146
2190
2220
2265
2235
2280
2310
2356
2326
225
226
227
225
226
229
231
227
229
234
237
231
234
241
245
237
241
250
255
245
250
261
267
255
261
274
281
267
274
289
297
281
289
306
315
297
306
325
335
315
325
346
357
335
346
369
381
357
369
394
407
381
394
421
435
407
421
450
465
435
450
481
496
465
481
512
528
497
514
545
562
531
549
580
598
567
586
617
636
605
625
656
676
645
666
697
718
687
709
740
762
731
754
785
808
777
801
832
856
825
850
881
906
875
901
932
958
927
954
985
1012
981
1009
1040
1068
1037
1066
1097
1126
1095
1125
1156
1186
1155
1186
1217
1248
1217
1249
1280
1312
1281
1314
1345
1378
1347
1381
1412
1446
1415
1450
1481
1516
1485
1521
1552
1588
1557
1594
1625
1662
1631
1669
1700
1738
1707
1746
1777
1816
1785
1825
1856
1896
1865
1906
1937
1978
1947
1989
2020
2062
2031
2074
2105
2148
2117
2161
2192
2236
2205
2250
2281
2326
2295
2341
2372
241
240
240
242
244
241
242
246
249
244
246
252
256
249
252
260
265
256
260
270
276
265
270
282
289
276
282
296
304
289
296
312
321
304
312
330
340
321
330
350
361
340
350
372
384
361
372
396
409
384
396
422
436
409
422
450
465
436
450
480
496
465
480
512
528
496
512
544
561
529
546
578
596
564
582
614
633
601
620
652
672
640
660
692
713
681
702
734
756
724
746
778
801
769
792
824
848
816
840
872
897
865
890
922
948
916
942
974
1001
969
996
1028
1056
1024
1052
1084
1113
1081
1110
1142
1172
1140
1170
1202
1233
1201
1232
1264
1296
1264
1296
1328
1361
1329
1362
1394
1428
1396
1430
1462
1497
1465
1500
1532
1568
1536
1572
1604
1641
1609
1646
1678
1716
1684
1722
1754
1793
1761
1800
1832
1872
1840
1880
1912
1953
1921
1962
1994
2036
2004
2046
2078
2121
2089
2132
2164
2208
2176
2220
2252
2297
2265
2310
2342
2388
2356
256
257
258
256
257
260
262
258
260
265
268
262
265
272
276
268
272
281
286
276
281
292
298
286
292
305
312
298
305
320
328
312
320
337
346
328
337
356
366
346
356
377
388
366
377
400
412
388
400
425
438
412
425
452
466
438
452
481
496
466
481
512
528
496
512
545
561
528
545
578
595
562
580
613
631
598
617
650
669
636
656
689
709
676
697
730
751
718
740
773
795
762
785
818
841
808
832
865
889
856
881
914
939
906
932
965
991
958
985
1018
1045
1012
1040
1073
1101
1068
1097
1130
1159
1126
1156
1189
1219
1186
1217
1250
1281
1248
1280
1313
1345
1312
1345
1378
1411
1378
1412
1445
1479
1446
1481
1514
1549
1516
1552
1585
1621
1588
1625
1658
1695
1662
1700
1733
1771
1738
1777
1810
1849
1816
1856
1889
1929
1896
1937
1970
2011
1978
2020
2053
2095
2062
2105
2138
2181
2148
2192
2225
2269
2236
2281
2314
2359
2326
2372
2405
273
272
272
274
276
273
274
278
281
276
278
284
288
281
284
292
297
288
292
302
308
297
302
314
321
308
314
328
336
321
328
344
353
336
344
362
372
353
362
382
393
372
382
404
416
393
404
428
441
416
428
454
468
441
454
482
497
468
482
512
528
497
512
544
561
528
544
578
595
561
578
612
630
596
614
648
667
633
652
686
706
672
692
726
747
713
734
768
790
756
778
812
835
801
824
858
882
848
872
906
931
897
922
956
982
948
974
1008
1035
1001
1028
1062
1090
1056
1084
1118
1147
1113
1142
1176
1206
1172
1202
1236
1267
1233
1264
1298
1330
1296
1328
1362
1395
1361
1394
1428
1462
1428
1462
1496
1531
1497
1532
1566
1602
1568
1604
1638
1675
1641
1678
1712
1750
1716
1754
1788
1827
1793
1832
1866
1906
1872
1912
1946
1987
1953
1994
2028
2070
2036
2078
2112
2155
2121
2164
2198
2242
2208
2252
2286
2331
2297
2342
2376
2422
2388
289
290
291
289
290
293
295
291
293
298
301
295
298
305
309
301
305
314
319
309
314
325
331
319
325
338
345
331
338
353
361
345
353
370
379
361
370
389
399
379
389
410
421
399
410
433
445
421
433
458
471
445
458
485
499
471
485
514
529
499
514
545
561
529
545
578
595
561
578
613
630
595
613
648
666
631
650
685
704
669
689
724
744
709
730
765
786
751
773
808
830
795
818
853
876
841
865
900
924
889
914
949
974
939
965
1000
1026
991
1018
1053
1080
1045
1073
1108
1136
1101
1130
1165
1194
1159
1189
1224
1254
1219
1250
1285
1316
1281
1313
1348
1380
1345
1378
1413
1446
1411
1445
1480
1514
1479
1514
1549
1584
1549
1585
1620
1656
1621
1658
1693
1730
1695
1733
1768
1806
1771
1810
1845
1884
1849
1889
1924
1964
1929
1970
2005
2046
2011
2053
2088
2130
2095
2138
2173
2216
2181
2225
2260
2304
2269
2314
2349
2394
2359
2405
2440
307
306
306
308
310
307
308
312
315
310
312
318
322
315
318
326
331
322
326
336
342
331
336
348
355
342
348
362
370
355
362
378
387
370
378
396
406
387
396
416
427
406
416
438
450
427
438
462
475
450
462
488
502
475
488
516
531
502
516
546
562
531
546
578
595
562
578
612
630
595
612
648
666
630
648
684
703
667
686
722
742
706
726
762
783
747
768
804
826
790
812
848
871
835
858
894
918
882
906
942
967
931
956
992
1018
982
1008
1044
1071
1035
1062
1098
1126
1090
1118
1154
1183
1147
1176
1212
1242
1206
1236
1272
1303
1267
1298
1334
1366
1330
1362
1398
1431
1395
1428
1464
1498
1462
1496
1532
1567
1531
1566
1602
1638
1602
1638
1674
1711
1675
1712
1748
1786
1750
1788
1824
1863
1827
1866
1902
1942
1906
1946
1982
2023
1987
2028
2064
2106
2070
2112
2148
2191
2155
2198
2234
2278
2242
2286
2322
2367
2331
2376
2412
2458
2422
324
325
326
324
325
328
330
326
328
333
336
330
333
340
344
336
340
349
354
344
349
360
366
354
360
373
380
366
373
388
396
380
388
405
414
396
405
424
434
414
424
445
456
434
445
468
480
456
468
493
506
480
493
520
534
506
520
549
564
534
549
580
596
564
580
613
630
596
613
648
666
630
648
685
703
666
685
722
741
704
724
761
781
744
765
802
823
786
808
845
867
830
853
890
913
876
900
937
961
924
949
986
1011
974
1000
1037
1063
1026
1053
1090
1117
1080
1108
1145
1173
1136
1165
1202
1231
1194
1224
1261
1291
1254
1285
1322
1353
1316
1348
1385
1417
1380
1413
1450
1483
1446
1480
1517
1551
1514
1549
1586
1621
1584
1620
1657
1693
1656
1693
1730
1767
1730
1768
1805
1843
1806
1845
1882
1921
1884
1924
1961
2001
1964
2005
2042
2083
2046
2088
2125
2167
2130
2173
2210
2253
2216
2260
2297
2341
2304
2349
2386
2431
2394
2440
2477
343
342
342
344
346
343
344
348
351
346
348
354
358
351
354
362
367
358
362
372
378
367
372
384
391
378
384
398
406
391
398
414
423
406
414
432
442
423
432
452
463
442
452
474
486
463
474
498
511
486
498
524
538
511
524
552
567
538
552
582
598
567
582
614
631
598
614
648
666
631
648
684
703
666
684
722
741
703
722
760
780
742
762
800
821
783
804
842
864
826
848
886
909
871
894
932
956
918
942
980
1005
967
992
1030
1056
1018
1044
1082
1109
1071
1098
1136
1164
1126
1154
1192
1221
1183
1212
1250
1280
1242
1272
1310
1341
1303
1334
1372
1404
1366
1398
1436
1469
1431
1464
1502
1536
1498
1532
1570
1605
1567
1602
1640
1676
1638
1674
1712
1749
1711
1748
1786
1824
1786
1824
1862
1901
1863
1902
1940
1980
1942
1982
2020
2061
2023
2064
2102
2144
2106
2148
2186
2229
2191
2234
2272
2316
2278
2322
2360
2405
2367
2412
2450
2496
2458
361
362
363
361
362
365
367
363
365
370
373
367
370
377
381
373
377
386
391
381
386
397
403
391
397
410
417
403
410
425
433
417
425
442
451
433
442
461
471
451
461
482
493
471
482
505
517
493
505
530
543
517
530
557
571
543
557
586
601
571
586
617
633
601
617
650
667
633
650
685
703
667
685
722
741
703
722
761
780
741
761
800
820
781
802
841
862
823
845
884
906
867
890
929
952
913
937
976
1000
961
986
1025
1050
1011
1037
1076
1102
1063
1090
1129
1156
1117
1145
1184
1212
1173
1202
1241
1270
1231
1261
1300
1330
1291
1322
1361
1392
1353
1385
1424
1456
1417
1450
1489
1522
1483
1517
1556
1590
1551
1586
1625
1660
1621
1657
1696
1732
1693
1730
1769
1806
1767
1805
1844
1882
1843
1882
1921
1960
1921
1961
2000
2040
2001
2042
2081
2122
2083
2125
2164
2206
2167
2210
2249
2292
2253
2297
2336
2380
2341
2386
2425
2470
2431
2477
2516
381
380
380
382
384
381
382
386
389
384
386
392
396
389
392
400
405
396
400
410
416
405
410
422
429
416
422
436
444
429
436
452
461
444
452
470
480
461
470
490
501
480
490
512
524
501
512
536
549
524
536
562
576
549
562
590
605
576
590
620
636
605
620
652
669
636
652
686
704
669
686
722
741
704
722
760
780
741
760
800
820
780
800
840
861
821
842
882
904
864
886
926
949
909
932
972
996
956
980
1020
1045
1005
1030
1070
1096
1056
1082
1122
1149
1109
1136
1176
1204
1164
1192
1232
1261
1221
1250
1290
1320
1280
1310
1350
1381
1341
1372
1412
1444
1404
1436
1476
1509
1469
1502
1542
1576
1536
1570
1610
1645
1605
1640
1680
1716
1676
1712
1752
1789
1749
1786
1826
1864
1824
1862
1902
1941
1901
1940
1980
2020
1980
2020
2060
2101
2061
2102
2142
2184
2144
2186
2226
2269
2229
2272
2312
2356
2316
2360
2400
2445
2405
2450
2490
2536
2496
400
401
402
400
401
404
406
402
404
409
412
406
409
416
420
412
416
425
430
420
425
436
442
430
436
449
456
442
449
464
472
456
464
481
490
472
481
500
510
490
500
521
532
510
521
544
556
532
544
569
582
556
569
596
610
582
596
625
640
610
625
656
672
640
656
689
706
672
689
724
742
706
724
761
780
742
761
800
820
780
800
841
861
820
841
882
903
862
884
925
947
906
929
970
993
952
976
1017
1041
1000
1025
1066
1091
1050
1076
1117
1143
1102
1129
1170
1197
1156
1184
1225
1253
1212
1241
1282
1311
1270
1300
1341
1371
1330
1361
1402
1433
1392
1424
1465
1497
1456
1489
1530
1563
1522
1556
1597
1631
1590
1625
1666
1701
1660
1696
1737
1773
1732
1769
1810
1847
1806
1844
1885
1923
1882
1921
1962
2001
1960
2000
2041
2081
2040
2081
2122
2163
2122
2164
2205
2247
2206
2249
2290
2333
2292
2336
2377
2421
2380
2425
2466
2511
2470
2516
2557
421
420
420
422
424
421
422
426
429
424
426
432
436
429
432
440
445
436
440
450
456
445
450
462
469
456
462
476
484
469
476
492
501
484
492
510
520
501
510
530
541
520
530
552
564
541
552
576
589
564
576
602
616
589
602
630
645
616
630
660
676
645
660
692
709
676
692
726
744
709
726
762
781
744
762
800
820
781
800
840
861
820
840
882
903
861
882
924
946
904
926
968
991
949
972
1014
1038
996
1020
1062
1087
1045
1070
1112
1138
1096
1122
1164
1191
1149
1176
1218
1246
1204
1232
1274
1303
1261
1290
1332
1362
1320
1350
1392
1423
1381
1412
1454
1486
1444
1476
1518
1551
1509
1542
1584
1618
1576
1610
1652
1687
1645
1680
1722
1758
1716
1752
1794
1831
1789
1826
1868
1906
1864
1902
1944
1983
1941
1980
2022
2062
2020
2060
2102
2143
2101
2142
2184
2226
2184
2226
2268
2311
2269
2312
2354
2398
2356
2400
2442
2487
2445
2490
2532
2578
2536
441
442
443
441
442
445
447
443
445
450
453
447
450
457
461
453
457
466
471
461
466
477
483
471
477
490
497
483
490
505
513
497
505
522
531
513
522
541
551
531
541
562
573
551
562
585
597
573
585
610
623
597
610
637
651
623
637
666
681
651
666
697
713
681
697
730
747
713
730
765
783
747
765
802
821
783
802
841
861
821
841
882
903
861
882
925
946
903
925
968
990
947
970
1013
1036
993
1017
1060
1084
1041
1066
1109
1134
1091
1117
1160
1186
1143
1170
1213
1240
1197
1225
1268
1296
1253
1282
1325
1354
1311
1341
1384
1414
1371
1402
1445
1476
1433
1465
1508
1540
1497
1530
1573
1606
1563
1597
1640
1674
1631
1666
1709
1744
1701
1737
1780
1816
1773
1810
1853
1890
1847
1885
1928
1966
1923
1962
2005
2044
2001
2041
2084
2124
2081
2122
2165
2206
2163
2205
2248
2290
2247
2290
2333
2376
2333
2377
2420
2464
2421
2466
2509
2554
2511
2557
2600
463
462
462
464
466
463
464
468
471
466
468
474
478
471
474
482
487
478
482
492
498
487
492
504
511
498
504
518
526
511
518
534
543
526
534
552
562
543
552
572
583
562
572
594
606
583
594
618
631
606
618
644
658
631
644
672
687
658
672
702
718
687
702
734
751
718
734
768
786
751
768
804
823
786
804
842
862
823
842
882
903
862
882
924
946
903
924
968
990
946
968
1012
1035
991
1014
1058
1082
1038
1062
1106
1131
1087
1112
1156
1182
1138
1164
1208
1235
1191
1218
1262
1290
1246
1274
1318
1347
1303
1332
1376
1406
1362
1392
1436
1467
1423
1454
1498
1530
1486
1518
1562
1595
1551
1584
1628
1662
1618
1652
1696
1731
1687
1722
1766
1802
1758
1794
1838
1875
1831
1868
1912
1950
1906
1944
1988
2027
1983
2022
2066
2106
2062
2102
2146
2187
2143
2184
2228
2270
2226
2268
2312
2355
2311
2354
2398
2442
2398
2442
2486
2531
2487
2532
2576
2622
2578
484
485
486
484
485
488
490
486
488
493
496
490
493
500
504
496
500
509
514
504
509
520
526
514
520
533
540
526
533
548
556
540
548
565
574
556
565
584
594
574
584
605
616
594
605
628
640
616
628
653
666
640
653
680
694
666
680
709
724
694
709
740
756
724
740
773
790
756
773
808
826
790
808
845
864
826
845
884
904
864
884
925
946
904
925
968
990
946
968
1013
1035
990
1013
1058
1081
1036
1060
1105
1129
1084
1109
1154
1179
1134
1160
1205
1231
1186
1213
1258
1285
1240
1268
1313
1341
1296
1325
1370
1399
1354
1384
1429
1459
1414
1445
1490
1521
1476
1508
1553
1585
1540
1573
1618
1651
1606
1640
1685
1719
1674
1709
1754
1789
1744
1780
1825
1861
1816
1853
1898
1935
1890
1928
1973
2011
1966
2005
2050
2089
2044
2084
2129
2169
2124
2165
2210
2251
2206
2248
2293
2335
2290
2333
2378
2421
2376
2420
2465
2509
2464
2509
2554
2599
2554
2600
2645
507
506
506
508
510
507
508
512
515
510
512
518
522
515
518
526
531
522
526
536
542
531
536
548
555
542
548
562
570
555
562
578
587
570
578
596
606
587
596
616
627
606
616
638
650
627
638
662
675
650
662
688
702
675
688
716
731
702
716
746
762
731
746
778
795
762
778
812
830
795
812
848
867
830
848
886
906
867
886
926
947
906
926
968
990
947
968
1012
1035
990
1012
1058
1081
1035
1058
1104
1128
1082
1106
1152
1177
1131
1156
1202
1228
1182
1208
1254
1281
1235
1262
1308
1336
1290
1318
1364
1393
1347
1376
1422
1452
1406
1436
1482
1513
1467
1498
1544
1576
1530
1562
1608
1641
1595
1628
1674
1708
1662
1696
1742
1777
1731
1766
1812
1848
1802
1838
1884
1921
1875
1912
1958
1996
1950
1988
2034
2073
2027
2066
2112
2152
2106
2146
2192
2233
2187
2228
2274
2316
2270
2312
2358
2401
2355
2398
2444
2488
2442
2486
2532
2577
2531
2576
2622
2668
2622
529
530
531
529
530
533
535
531
533
538
541
535
538
545
549
541
545
554
559
549
554
565
571
559
565
578
585
571
578
593
601
585
593
610
619
601
610
629
639
619
629
650
661
639
650
673
685
661
673
698
711
685
698
725
739
711
725
754
769
739
754
785
801
769
785
818
835
801
818
853
871
835
853
890
909
871
890
929
949
909
929
970
991
949
970
1013
1035
991
1013
1058
1081
1035
1058
1105
1128
1081
1105
1152
1176
1129
1154
1201
1226
1179
1205
1252
1278
1231
1258
1305
1332
1285
1313
1360
1388
1341
1370
1417
1446
1399
1429
1476
1506
1459
1490
1537
1568
1521
1553
1600
1632
1585
1618
1665
1698
1651
1685
1732
1766
1719
1754
1801
1836
1789
1825
1872
1908
1861
1898
1945
1982
1935
1973
2020
2058
2011
2050
2097
2136
2089
2129
2176
2216
2169
2210
2257
2298
2251
2293
2340
2382
2335
2378
2425
2468
2421
2465
2512
2556
2509
2554
2601
2646
2599
2645
2692
553
552
552
554
556
553
554
558
561
556
558
564
568
561
564
572
577
568
572
582
588
577
582
594
601
588
594
608
616
601
608
624
633
616
624
642
652
633
642
662
673
652
662
684
696
673
684
708
721
696
708
734
748
721
734
762
777
748
762
792
808
777
792
824
841
808
824
858
876
841
858
894
913
876
894
932
952
913
932
972
993
952
972
1014
1036
993
1014
1058
1081
1036
1058
1104
1128
1081
1104
1152
1176
1128
1152
1200
1225
1177
1202
1250
1276
1228
1254
1302
1329
1281
1308
1356
1384
1336
1364
1412
1441
1393
1422
1470
1500
1452
1482
1530
1561
1513
1544
1592
1624
1576
1608
1656
1689
1641
1674
1722
1756
1708
1742
1790
1825
1777
1812
1860
1896
1848
1884
1932
1969
1921
1958
2006
2044
1996
2034
2082
2121
2073
2112
2160
2200
2152
2192
2240
2281
2233
2274
2322
2364
2316
2358
2406
2449
2401
2444
2492
2536
2488
2532
2580
2625
2577
2622
2670
2716
2668
576
577
578
576
577
580
582
578
580
585
588
582
585
592
596
588
592
601
606
596
601
612
618
606
612
625
632
618
625
640
648
632
640
657
666
648
657
676
686
666
676
697
708
686
697
720
732
708
720
745
758
732
745
772
786
758
772
801
816
786
801
832
848
816
832
865
882
848
865
900
918
882
900
937
956
918
937
976
996
956
976
1017
1038
996
1017
1060
1082
1038
1060
1105
1128
1082
1105
1152
1176
1128
1152
1201
1225
1176
1201
1250
1275
1226
1252
1301
1327
1278
1305
1354
1381
1332
1360
1409
1437
1388
1417
1466
1495
1446
1476
1525
1555
1506
1537
1586
1617
1568
1600
1649
1681
1632
1665
1714
1747
1698
1732
1781
1815
1766
1801
1850
1885
1836
1872
1921
1957
1908
1945
1994
2031
1982
2020
2069
2107
2058
2097
2146
2185
2136
2176
2225
2265
2216
2257
2306
2347
2298
2340
2389
2431
2382
2425
2474
2517
2468
2512
2561
2605
2556
2601
2650
2695
2646
2692
2741
601
600
600
602
604
601
602
606
609
604
606
612
616
609
612
620
625
616
620
630
636
625
630
642
649
636
642
656
664
649
656
672
681
664
672
690
700
681
690
710
721
700
710
732
744
721
732
756
769
744
756
782
796
769
782
810
825
796
810
840
856
825
840
872
889
856
872
906
924
889
906
942
961
924
942
980
1000
961
980
1020
1041
1000
1020
1062
1084
1041
1062
1106
1129
1084
1106
1152
1176
1129
1152
1200
1225
1176
1200
1250
1275
1225
1250
1300
1326
1276
1302
1352
1379
1329
1356
1406
1434
1384
1412
1462
1491
1441
1470
1520
1550
1500
1530
1580
1611
1561
1592
1642
1674
1624
1656
1706
1739
1689
1722
1772
1806
1756
1790
1840
1875
1825
1860
1910
1946
1896
1932
1982
2019
1969
2006
2056
2094
2044
2082
2132
2171
2121
2160
2210
2250
2200
2240
2290
2331
2281
2322
2372
2414
2364
2406
2456
2499
2449
2492
2542
2586
2536
2580
2630
2675
2625
2670
2720
2766
2716
625
626
627
625
626
629
631
627
629
634
637
631
634
641
645
637
641
650
655
645
650
661
667
655
661
674
681
667
674
689
697
681
689
706
715
697
706
725
735
715
725
746
757
735
746
769
781
757
769
794
807
781
794
821
835
807
821
850
865
835
850
881
897
865
881
914
931
897
914
949
967
931
949
986
1005
967
986
1025
1045
1005
1025
1066
1087
1045
1066
1109
1131
1087
1109
1154
1177
1131
1154
1201
1225
1177
1201
1250
1275
1225
1250
1301
1326
1275
1301
1352
1378
1327
1354
1405
1432
1381
1409
1460
1488
1437
1466
1517
1546
1495
1525
1576
1606
1555
1586
1637
1668
1617
1649
1700
1732
1681
1714
1765
1798
1747
1781
1832
1866
1815
1850
1901
1936
1885
1921
1972
2008
1957
1994
2045
2082
2031
2069
2120
2158
2107
2146
2197
2236
2185
2225
2276
2316
2265
2306
2357
2398
2347
2389
2440
2482
2431
2474
2525
2568
2517
2561
2612
2656
2605
2650
2701
2746
2695
2741
2792
651
650
650
652
654
651
652
656
659
654
656
662
666
659
662
670
675
666
670
680
686
675
680
692
699
686
692
706
714
699
706
722
731
714
722
740
750
731
740
760
771
750
760
782
794
771
782
806
819
794
806
832
846
819
832
860
875
846
860
890
906
875
890
922
939
906
922
956
974
939
956
992
1011
974
992
1030
1050
1011
1030
1070
1091
1050
1070
1112
1134
1091
1112
1156
1179
1134
1156
1202
1226
1179
1202
1250
1275
1226
1250
1300
1326
1275
1300
1352
1378
1326
1352
1404
1431
1379
1406
1458
1486
1434
1462
1514
1543
1491
1520
1572
1602
1550
1580
1632
1663
1611
1642
1694
1726
1674
1706
1758
1791
1739
1772
1824
1858
1806
1840
1892
1927
1875
1910
1962
1998
1946
1982
2034
2071
2019
2056
2108
2146
2094
2132
2184
2223
2171
2210
2262
2302
2250
2290
2342
2383
2331
2372
2424
2466
2414
2456
2508
2551
2499
2542
2594
2638
2586
2630
2682
2727
2675
2720
2772
2818
2766
676
677
678
676
677
680
682
678
680
685
688
682
685
692
696
688
692
701
706
696
701
712
718
706
712
725
732
718
725
740
748
732
740
757
766
748
757
776
786
766
776
797
808
786
797
820
832
808
820
845
858
832
845
872
886
858
872
901
916
886
901
932
948
916
932
965
982
948
965
1000
1018
982
1000
1037
1056
1018
1037
1076
1096
1056
1076
1117
1138
1096
1117
1160
1182
1138
1160
1205
1228
1182
1205
1252
1276
1228
1252
1301
1326
1276
1301
1352
1378
1326
1352
1405
1431
1378
1405
1458
1485
1432
1460
1513
1541
1488
1517
1570
1599
1546
1576
1629
1659
1606
1637
1690
1721
1668
1700
1753
1785
1732
1765
1818
1851
1798
1832
1885
1919
1866
1901
1954
1989
1936
1972
2025
2061
2008
2045
2098
2135
2082
2120
2173
2211
2158
2197
2250
2289
2236
2276
2329
2369
2316
2357
2410
2451
2398
2440
2493
2535
2482
2525
2578
2621
2568
2612
2665
2709
2656
2701
2754
2799
2746
2792
2845
703
702
702
704
706
703
704
708
711
706
708
714
718
711
714
722
727
718
722
732
738
727
732
744
751
738
744
758
766
751
758
774
783
766
774
792
802
783
792
812
823
802
812
834
846
823
834
858
871
846
858
884
898
871
884
912
927
898
912
942
958
927
942
974
991
958
974
1008
1026
991
1008
1044
1063
1026
1044
1082
1102
1063
1082
1122
1143
1102
1122
1164
1186
1143
1164
1208
1231
1186
1208
1254
1278
1231
1254
1302
1327
1278
1302
1352
1378
1327
1352
1404
1431
1378
1404
1458
1485
1431
1458
1512
1540
1486
1514
1568
1597
1543
1572
1626
1656
1602
1632
1686
1717
1663
1694
1748
1780
1726
1758
1812
1845
1791
1824
1878
1912
1858
1892
1946
1981
1927
1962
2016
2052
1998
2034
2088
2125
2071
2108
2162
2200
2146
2184
2238
2277
2223
2262
2316
2356
2302
2342
2396
2437
2383
2424
2478
2520
2466
2508
2562
2605
2551
2594
2648
2692
2638
2682
2736
2781
2727
2772
2826
2872
2818
729
730
731
729
730
733
735
731
733
738
741
735
738
745
749
741
745
754
759
749
754
765
771
759
765
778
785
771
778
793
801
785
793
810
819
801
810
829
839
819
829
850
861
839
850
873
885
861
873
898
911
885
898
925
939
911
925
954
969
939
954
985
1001
969
985
1018
1035
1001
1018
1053
1071
1035
1053
1090
1109
1071
1090
1129
1149
1109
1129
1170
1191
1149
1170
1213
1235
1191
1213
1258
1281
1235
1258
1305
1329
1281
1305
1354
1379
1329
1354
1405
1431
1379
1405
1458
1485
1431
1458
1513
1540
1485
1513
1568
1596
1541
1570
1625
1654
1599
1629
1684
1714
1659
1690
1745
1776
1721
1753
1808
1840
1785
1818
1873
1906
1851
1885
1940
1974
1919
1954
2009
2044
1989
2025
2080
2116
2061
2098
2153
2190
2135
2173
2228
2266
2211
2250
2305
2344
2289
2329
2384
2424
2369
2410
2465
2506
2451
2493
2548
2590
2535
2578
2633
2676
2621
2665
2720
2764
2709
2754
2809
2854
2799
2845
2900
757
756
756
758
760
757
758
762
765
760
762
768
772
765
768
776
781
772
776
786
792
781
786
798
805
792
798
812
820
805
812
828
837
820
828
846
856
837
846
866
877
856
866
888
900
877
888
912
925
900
912
938
952
925
938
966
981
952
966
996
1012
981
996
1028
1045
1012
1028
1062
1080
1045
1062
1098
1117
1080
1098
1136
1156
1117
1136
1176
1197
1156
1176
1218
1240
1197
1218
1262
1285
1240
1262
1308
1332
1285
1308
1356
1381
1332
1356
1406
1432
1381
1406
1458
1485
1432
1458
1512
1540
1485
1512
1568
1596
1540
1568
1624
1653
1597
1626
1682
1712
1656
1686
1742
1773
1717
1748
1804
1836
1780
1812
1868
1901
1845
1878
1934
1968
1912
1946
2002
2037
1981
2016
2072
2108
2052
2088
2144
2181
2125
2162
2218
2256
2200
2238
2294
2333
2277
2316
2372
2412
2356
2396
2452
2493
2437
2478
2534
2576
2520
2562
2618
2661
2605
2648
2704
2748
2692
2736
2792
2837
2781
2826
2882
2928
2872
784
785
786
784
785
788
790
786
788
793
796
790
793
800
804
796
800
809
814
804
809
820
826
814
820
833
840
826
833
848
856
840
848
865
874
856
865
884
894
874
884
905
916
894
905
928
940
916
928
953
966
940
953
980
994
966
980
1009
1024
994
1009
1040
1056
1024
1040
1073
1090
1056
1073
1108
1126
1090
1108
1145
1164
1126
1145
1184
1204
1164
1184
1225
1246
1204
1225
1268
1290
1246
1268
1313
1336
1290
1313
1360
1384
1336
1360
1409
1434
1384
1409
1460
1486
1434
1460
1513
1540
1486
1513
1568
1596
1540
1568
1625
1653
1596
1625
1682
1711
1654
1684
1741
1771
1714
1745
1802
1833
1776
1808
1865
1897
1840
1873
1930
1963
1906
1940
1997
2031
1974
2009
2066
2101
2044
2080
2137
2173
2116
2153
2210
2247
2190
2228
2285
2323
2266
2305
2362
2401
2344
2384
2441
2481
2424
2465
2522
2563
2506
2548
2605
2647
2590
2633
2690
2733
2676
2720
2777
2821
2764
2809
2866
2911
2854
2900
2957
813
812
812
814
816
813
814
818
821
816
818
824
828
821
824
832
837
828
832
842
848
837
842
854
861
848
854
868
876
861
868
884
893
876
884
902
912
893
902
922
933
912
922
944
956
933
944
968
981
956
968
994
1008
981
994
1022
1037
1008
1022
1052
1068
1037
1052
1084
1101
1068
1084
1118
1136
1101
1118
1154
1173
1136
1154
1192
1212
1173
1192
1232
1253
1212
1232
1274
1296
1253
1274
1318
1341
1296
1318
1364
1388
1341
1364
1412
1437
1388
1412
1462
1488
1437
1462
1514
1541
1488
1514
1568
1596
1541
1568
1624
1653
1596
1624
1682
1711
1653
1682
1740
1770
1712
1742
1800
1831
1773
1804
1862
1894
1836
1868
1926
1959
1901
1934
1992
2026
1968
2002
2060
2095
2037
2072
2130
2166
2108
2144
2202
2239
2181
2218
2276
2314
2256
2294
2352
2391
2333
2372
2430
2470
2412
2452
2510
2551
2493
2534
2592
2634
2576
2618
2676
2719
2661
2704
2762
2806
2748
2792
2850
2895
2837
2882
2940
2986
2928
841
842
843
841
842
845
847
843
845
850
853
847
850
857
861
853
857
866
871
861
866
877
883
871
877
890
897
883
890
905
913
897
905
922
931
913
922
941
951
931
941
962
973
951
962
985
997
973
985
1010
1023
997
1010
1037
1051
1023
1037
1066
1081
1051
1066
1097
1113
1081
1097
1130
1147
1113
1130
1165
1183
1147
1165
1202
1221
1183
1202
1241
1261
1221
1241
1282
1303
1261
1282
1325
1347
1303
1325
1370
1393
1347
1370
1417
1441
1393
1417
1466
1491
1441
1466
1517
1543
1491
1517
1570
1597
1543
1570
1625
1653
1597
1625
1682
1711
1653
1682
1741
1770
1711
1741
1800
1830
1771
1802
1861
1892
1833
1865
1924
1956
1897
1930
1989
2022
1963
1997
2056
2090
2031
2066
2125
2160
2101
2137
2196
2232
2173
2210
2269
2306
2247
2285
2344
2382
2323
2362
2421
2460
2401
2441
2500
2540
2481
2522
2581
2622
2563
2605
2664
2706
2647
2690
2749
2792
2733
2777
2836
2880
2821
2866
2925
2970
2911
2957
3016
871
870
870
872
874
871
872
876
879
874
876
882
886
879
882
890
895
886
890
900
906
895
900
912
919
906
912
926
934
919
926
942
951
934
942
960
970
951
960
980
991
970
980
1002
1014
991
1002
1026
1039
1014
1026
1052
1066
1039
1052
1080
1095
1066
1080
1110
1126
1095
1110
1142
1159
1126
1142
1176
1194
1159
1176
1212
1231
1194
1212
1250
1270
1231
1250
1290
1311
1270
1290
1332
1354
1311
1332
1376
1399
1354
1376
1422
1446
1399
1422
1470
1495
1446
1470
1520
1546
1495
1520
1572
1599
1546
1572
1626
1654
1599
1626
1682
1711
1654
1682
1740
1770
1711
1740
1800
1830
1770
1800
1860
1891
1831
1862
1922
1954
1894
1926
1986
2019
1959
1992
2052
2086
2026
2060
2120
2155
2095
2130
2190
2226
2166
2202
2262
2299
2239
2276
2336
2374
2314
2352
2412
2451
2391
2430
2490
2530
2470
2510
2570
2611
2551
2592
2652
2694
2634
2676
2736
2779
2719
2762
2822
2866
2806
2850
2910
2955
2895
2940
3000
3046
2986
900
901
902
900
901
904
906
902
904
909
912
906
909
916
920
912
916
925
930
920
925
936
942
930
936
949
956
942
949
964
972
956
964
981
990
972
981
1000
1010
990
1000
1021
1032
1010
1021
1044
1056
1032
1044
1069
1082
1056
1069
1096
1110
1082
1096
1125
1140
1110
1125
1156
1172
1140
1156
1189
1206
1172
1189
1224
1242
1206
1224
1261
1280
1242
1261
1300
1320
1280
1300
1341
1362
1320
1341
1384
1406
1362
1384
1429
1452
1406
1429
1476
1500
1452
1476
1525
1550
1500
1525
1576
1602
1550
1576
1629
1656
1602
1629
1684
1712
1656
1684
1741
1770
1712
1741
1800
1830
1770
1800
1861
1891
1830
1861
1922
1953
1892
1924
1985
2017
1956
1989
2050
2083
2022
2056
2117
2151
2090
2125
2186
2221
2160
2196
2257
2293
2232
2269
2330
2367
2306
2344
2405
2443
2382
2421
2482
2521
2460
2500
2561
2601
2540
2581
2642
2683
2622
2664
2725
2767
2706
2749
2810
2853
2792
2836
2897
2941
2880
2925
2986
3031
2970
3016
3077
931
930
930
932
934
931
932
936
939
934
936
942
946
939
942
950
955
946
950
960
966
955
960
972
979
966
972
986
994
979
986
1002
1011
994
1002
1020
1030
1011
1020
1040
1051
1030
1040
1062
1074
1051
1062
1086
1099
1074
1086
1112
1126
1099
1112
1140
1155
1126
1140
1170
1186
1155
1170
1202
1219
1186
1202
1236
1254
1219
1236
1272
1291
1254
1272
1310
1330
1291
1310
1350
1371
1330
1350
1392
1414
1371
1392
1436
1459
1414
1436
1482
1506
1459
1482
1530
1555
1506
1530
1580
1606
1555
1580
1632
1659
1606
1632
1686
1714
1659
1686
1742
1771
1714
1742
1800
1830
1771
1800
1860
1891
1830
1860
1922
1953
1891
1922
1984
2016
1954
1986
2048
2081
2019
2052
2114
2148
2086
2120
2182
2217
2155
2190
2252
2288
2226
2262
2324
2361
2299
2336
2398
2436
2374
2412
2474
2513
2451
2490
2552
2592
2530
2570
2632
2673
2611
2652
2714
2756
2694
2736
2798
2841
2779
2822
2884
2928
2866
2910
2972
3017
2955
3000
3062
3108
3046
961
962
963
961
962
965
967
963
965
970
973
967
970
977
981
973
977
986
991
981
986
997
1003
991
997
1010
1017
1003
1010
1025
1033
1017
1025
1042
1051
1033
1042
1061
1071
1051
1061
1082
1093
1071
1082
1105
1117
1093
1105
1130
1143
1117
1130
1157
1171
1143
1157
1186
1201
1171
1186
1217
1233
1201
1217
1250
1267
1233
1250
1285
1303
1267
1285
1322
1341
1303
1322
1361
1381
1341
1361
1402
1423
1381
1402
1445
1467
1423
1445
1490
1513
1467
1490
1537
1561
1513
1537
1586
1611
1561
1586
1637
1663
1611
1637
1690
1717
1663
1690
1745
1773
1717
1745
1802
1831
1773
1802
1861
1891
1831
1861
1922
1953
1891
1922
1985
2016
1953
1985
2048
2080
2017
2050
2113
2146
2083
2117
2180
2214
2151
2186
2249
2284
2221
2257
2320
2356
2293
2330
2393
2430
2367
2405
2468
2506
2443
2482
2545
2584
2521
2561
2624
2664
2601
2642
2705
2746
2683
2725
2788
2830
2767
2810
2873
2916
2853
2897
2960
3004
2941
2986
3049
3094
3031
3077
3140
993
992
992
994
996
993
994
998
1001
996
998
1004
1008
1001
1004
1012
1017
1008
1012
1022
1028
1017
1022
1034
1041
1028
1034
1048
1056
1041
1048
1064
1073
1056
1064
1082
1092
1073
1082
1102
1113
1092
1102
1124
1136
1113
1124
1148
1161
1136
1148
1174
1188
1161
1174
1202
1217
1188
1202
1232
1248
1217
1232
1264
1281
1248
1264
1298
1316
1281
1298
1334
1353
1316
1334
1372
1392
1353
1372
1412
1433
1392
1412
1454
1476
1433
1454
1498
1521
1476
1498
1544
1568
1521
1544
1592
1617
1568
1592
1642
1668
1617
1642
1694
1721
1668
1694
1748
1776
1721
1748
1804
1833
1776
1804
1862
1892
1833
1862
1922
1953
1892
1922
1984
2016
1953
1984
2048
2080
2016
2048
2112
2145
2081
2114
2178
2212
2148
2182
2246
2281
2217
2252
2316
2352
2288
2324
2388
2425
2361
2398
2462
2500
2436
2474
2538
2577
2513
2552
2616
2656
2592
2632
2696
2737
2673
2714
2778
2820
2756
2798
2862
2905
2841
2884
2948
2992
2928
2972
3036
3081
3017
3062
3126
3172
3108
1024
1025
1026
1024
1025
1028
1030
1026
1028
1033
1036
1030
1033
1040
1044
1036
1040
1049
1054
1044
1049
1060
1066
1054
1060
1073
1080
1066
1073
1088
1096
1080
1088
1105
1114
1096
1105
1124
1134
1114
1124
1145
1156
1134
1145
1168
1180
1156
1168
1193
1206
1180
1193
1220
1234
1206
1220
1249
1264
1234
1249
1280
1296
1264
1280
1313
1330
1296
1313
1348
1366
1330
1348
1385
1404
1366
1385
1424
1444
1404
1424
1465
1486
1444
1465
1508
1530
1486
1508
1553
1576
1530
1553
1600
1624
1576
1600
1649
1674
1624
1649
1700
1726
1674
1700
1753
1780
1726
1753
1808
1836
1780
1808
1865
1894
1836
1865
1924
1954
1894
1924
1985
2016
1954
1985
2048
2080
2016
2048
2113
2145
2080
2113
2178
2211
2146
2180
2245
2279
2214
2249
2314
2349
2284
2320
2385
2421
2356
2393
2458
2495
2430
2468
2533
2571
2506
2545
2610
2649
2584
2624
2689
2729
2664
2705
2770
2811
2746
2788
2853
2895
2830
2873
2938
2981
2916
2960
3025
3069
3004
3049
3114
3159
3094
3140
3205
1057
1056
1056
1058
1060
1057
1058
1062
1065
1060
1062
1068
1072
1065
1068
1076
1081
1072
1076
1086
1092
1081
1086
1098
1105
1092
1098
1112
1120
1105
1112
1128
1137
1120
1128
1146
1156
1137
1146
1166
1177
1156
1166
1188
1200
1177
1188
1212
1225
1200
1212
1238
1252
1225
1238
1266
1281
1252
1266
1296
1312
1281
1296
1328
1345
1312
1328
1362
1380
1345
1362
1398
1417
1380
1398
1436
1456
1417
1436
1476
1497
1456
1476
1518
1540
1497
1518
1562
1585
1540
1562
1608
1632
1585
1608
1656
1681
1632
1656
1706
1732
1681
1706
1758
1785
1732
1758
1812
1840
1785
1812
1868
1897
1840
1868
1926
1956
1897
1926
1986
2017
1956
1986
2048
2080
2017
2048
2112
2145
2080
2112
2178
2211
2145
2178
2244
2278
2212
2246
2312
2347
2281
2316
2382
2418
2352
2388
2454
2491
2425
2462
2528
2566
2500
2538
2604
2643
2577
2616
2682
2722
2656
2696
2762
2803
2737
2778
2844
2886
2820
2862
2928
2971
2905
2948
3014
3058
2992
3036
3102
3147
3081
3126
3192
3238
3172
1089
1090
1091
1089
1090
1093
1095
1091
1093
1098
1101
1095
1098
1105
1109
1101
1105
1114
1119
1109
1114
1125
1131
1119
1125
1138
1145
1131
1138
1153
1161
1145
1153
1170
1179
1161
1170
1189
1199
1179
1189
1210
1221
1199
1210
1233
1245
1221
1233
1258
1271
1245
1258
1285
1299
1271
1285
1314
1329
1299
1314
1345
1361
1329
1345
1378
1395
1361
1378
1413
1431
1395
1413
1450
1469
1431
1450
1489
1509
1469
1489
1530
1551
1509
1530
1573
1595
1551
1573
1618
1641
1595
1618
1665
1689
1641
1665
1714
1739
1689
1714
1765
1791
1739
1765
1818
1845
1791
1818
1873
1901
1845
1873
1930
1959
1901
1930
1989
2019
1959
1989
2050
2081
2019
2050
2113
2145
2081
2113
2178
2211
2145
2178
2245
2278
2211
2245
2312
2346
2279
2314
2381
2416
2349
2385
2452
2488
2421
2458
2525
2562
2495
2533
2600
2638
2571
2610
2677
2716
2649
2689
2756
2796
2729
2770
2837
2878
2811
2853
2920
2962
2895
2938
3005
3048
2981
3025
3092
3136
3069
3114
3181
3226
3159
3205
3272
1123
1122
1122
1124
1126
1123
1124
1128
1131
1126
1128
1134
1138
1131
1134
1142
1147
1138
1142
1152
1158
1147
1152
1164
1171
1158
1164
1178
1186
1171
1178
1194
1203
1186
1194
1212
1222
1203
1212
1232
1243
1222
1232
1254
1266
1243
1254
1278
1291
1266
1278
1304
1318
1291
1304
1332
1347
1318
1332
1362
1378
1347
1362
1394
1411
1378
1394
1428
1446
1411
1428
1464
1483
1446
1464
1502
1522
1483
1502
1542
1563
1522
1542
1584
1606
1563
1584
1628
1651
1606
1628
1674
1698
1651
1674
1722
1747
1698
1722
1772
1798
1747
1772
1824
1851
1798
1824
1878
1906
1851
1878
1934
1963
1906
1934
1992
2022
1963
1992
2052
2083
2022
2052
2114
2146
2083
2114
2178
2211
2146
2178
2244
2278
2211
2244
2312
2346
2278
2312
2380
2415
2347
2382
2450
2486
2418
2454
2522
2559
2491
2528
2596
2634
2566
2604
2672
2711
2643
2682
2750
2790
2722
2762
2830
2871
2803
2844
2912
2954
2886
2928
2996
3039
2971
3014
3082
3126
3058
3102
3170
3215
3147
3192
3260
3306
3238
1156
1157
1158
1156
1157
1160
1162
1158
1160
1165
1168
1162
1165
1172
1176
1168
1172
1181
1186
1176
1181
1192
1198
1186
1192
1205
1212
1198
1205
1220
1228
1212
1220
1237
1246
1228
1237
1256
1266
1246
1256
1277
1288
1266
1277
1300
1312
1288
1300
1325
1338
1312
1325
1352
1366
1338
1352
1381
1396
1366
1381
1412
1428
1396
1412
1445
1462
1428
1445
1480
1498
1462
1480
1517
1536
1498
1517
1556
1576
1536
1556
1597
1618
1576
1597
1640
1662
1618
1640
1685
1708
1662
1685
1732
1756
1708
1732
1781
1806
1756
1781
1832
1858
1806
1832
1885
1912
1858
1885
1940
1968
1912
1940
1997
2026
1968
1997
2056
2086
2026
2056
2117
2148
2086
2117
2180
2212
2148
2180
2245
2278
2212
2245
2312
2346
2278
2312
2381
2415
2346
2381
2450
2485
2416
2452
2521
2557
2488
2525
2594
2631
2562
2600
2669
2707
2638
2677
2746
2785
2716
2756
2825
2865
2796
2837
2906
2947
2878
2920
2989
3031
2962
3005
3074
3117
3048
3092
3161
3205
3136
3181
3250
3295
3226
3272
3341
1191
1190
1190
1192
1194
1191
1192
1196
1199
1194
1196
1202
1206
1199
1202
1210
1215
1206
1210
1220
1226
1215
1220
1232
1239
1226
1232
1246
1254
1239
1246
1262
1271
1254
1262
1280
1290
1271
1280
1300
1311
1290
1300
1322
1334
1311
1322
1346
1359
1334
1346
1372
1386
1359
1372
1400
1415
1386
1400
1430
1446
1415
1430
1462
1479
1446
1462
1496
1514
1479
1496
1532
1551
1514
1532
1570
1590
1551
1570
1610
1631
1590
1610
1652
1674
1631
1652
1696
1719
1674
1696
1742
1766
1719
1742
1790
1815
1766
1790
1840
1866
1815
1840
1892
1919
1866
1892
1946
1974
1919
1946
2002
2031
1974
2002
2060
2090
2031
2060
2120
2151
2090
2120
2182
2214
2151
2182
2246
2279
2214
2246
2312
2346
2279
2312
2380
2415
2346
2380
2450
2485
2415
2450
2520
2556
2486
2522
2592
2629
2559
2596
2666
2704
2634
2672
2742
2781
2711
2750
2820
2860
2790
2830
2900
2941
2871
2912
2982
3024
2954
2996
3066
3109
3039
3082
3152
3196
3126
3170
3240
3285
3215
3260
3330
3376
3306
1225
1226
1227
1225
1226
1229
1231
1227
1229
1234
1237
1231
1234
1241
1245
1237
1241
1250
1255
1245
1250
1261
1267
1255
1261
1274
1281
1267
1274
1289
1297
1281
1289
1306
1315
1297
1306
1325
1335
1315
1325
1346
1357
1335
1346
1369
1381
1357
1369
1394
1407
1381
1394
1421
1435
1407
1421
1450
1465
1435
1450
1481
1497
1465
1481
1514
1531
1497
1514
1549
1567
1531
1549
1586
1605
1567
1586
1625
1645
1605
1625
1666
1687
1645
1666
1709
1731
1687
1709
1754
1777
1731
1754
1801
1825
1777
1801
1850
1875
1825
1850
1901
1927
1875
1901
1954
1981
1927
1954
2009
2037
1981
2009
2066
2095
2037
2066
2125
2155
2095
2125
2186
2217
2155
2186
2249
2281
2217
2249
2314
2347
2281
2314
2381
2415
2347
2381
2450
2485
2415
2450
2521
2556
2485
2521
2592
2628
2557
2594
2665
2702
2631
2669
2740
2778
2707
2746
2817
2856
2785
2825
2896
2936
2865
2906
2977
3018
2947
2989
3060
3102
3031
3074
3145
3188
3117
3161
3232
3276
3205
3250
3321
3366
3295
3341
3412
1261
1260
1260
1262
1264
1261
1262
1266
1269
1264
1266
1272
1276
1269
1272
1280
1285
1276
1280
1290
1296
1285
1290
1302
1309
1296
1302
1316
1324
1309
1316
1332
1341
1324
1332
1350
1360
1341
1350
1370
1381
1360
1370
1392
1404
1381
1392
1416
1429
1404
1416
1442
1456
1429
1442
1470
1485
1456
1470
1500
1516
1485
1500
1532
1549
1516
1532
1566
1584
1549
1566
1602
1621
1584
1602
1640
1660
1621
1640
1680
1701
1660
1680
1722
1744
1701
1722
1766
1789
1744
1766
1812
1836
1789
1812
1860
1885
1836
1860
1910
1936
1885
1910
1962
1989
1936
1962
2016
2044
1989
2016
2072
2101
2044
2072
2130
2160
2101
2130
2190
2221
2160
2190
2252
2284
2221
2252
2316
2349
2284
2316
2382
2416
2349
2382
2450
2485
2416
2450
2520
2556
2485
2520
2592
2628
2556
2592
2664
2701
2629
2666
2738
2776
2704
2742
2814
2853
2781
2820
2892
2932
2860
2900
2972
3013
2941
2982
3054
3096
3024
3066
3138
3181
3109
3152
3224
3268
3196
3240
3312
3357
3285
3330
3402
3448
3376
1296
1297
1298
1296
1297
1300
1302
1298
1300
1305
1308
1302
1305
1312
1316
1308
1312
1321
1326
1316
1321
1332
1338
1326
1332
1345
1352
1338
1345
1360
1368
1352
1360
1377
1386
1368
1377
1396
1406
1386
1396
1417
1428
1406
1417
1440
1452
1428
1440
1465
1478
1452
1465
1492
1506
1478
1492
1521
1536
1506
1521
1552
1568
1536
1552
1585
1602
1568
1585
1620
1638
1602
1620
1657
1676
1638
1657
1696
1716
1676
1696
1737
1758
1716
1737
1780
1802
1758
1780
1825
1848
1802
1825
1872
1896
1848
1872
1921
1946
1896
1921
1972
1998
1946
1972
2025
2052
1998
2025
2080
2108
2052
2080
2137
2166
2108
2137
2196
2226
2166
2196
2257
2288
2226
2257
2320
2352
2288
2320
2385
2418
2352
2385
2452
2486
2418
2452
2521
2556
2486
2521
2592
2628
2556
2592
2665
2701
2628
2665
2738
2775
2702
2740
2813
2851
2778
2817
2890
2929
2856
2896
2969
3009
2936
2977
3050
3091
3018
3060
3133
3175
3102
3145
3218
3261
3188
3232
3305
3349
3276
3321
3394
3439
3366
3412
3485
1333
1332
1332
1334
1336
1333
1334
1338
1341
1336
1338
1344
1348
1341
1344
1352
1357
1348
1352
1362
1368
1357
1362
1374
1381
1368
1374
1388
1396
1381
1388
1404
1413
1396
1404
1422
1432
1413
1422
1442
1453
1432
1442
1464
1476
1453
1464
1488
1501
1476
1488
1514
1528
1501
1514
1542
1557
1528
1542
1572
1588
1557
1572
1604
1621
1588
1604
1638
1656
1621
1638
1674
1693
1656
1674
1712
1732
1693
1712
1752
1773
1732
1752
1794
1816
1773
1794
1838
1861
1816
1838
1884
1908
1861
1884
1932
1957
1908
1932
1982
2008
1957
1982
2034
2061
2008
2034
2088
2116
2061
2088
2144
2173
2116
2144
2202
2232
2173
2202
2262
2293
2232
2262
2324
2356
2293
2324
2388
2421
2356
2388
2454
2488
2421
2454
2522
2557
2488
2522
2592
2628
2557
2592
2664
2701
2628
2664
2738
2775
2701
2738
2812
2850
2776
2814
2888
2927
2853
2892
2966
3006
2932
2972
3046
3087
3013
3054
3128
3170
3096
3138
3212
3255
3181
3224
3298
3342
3268
3312
3386
3431
3357
3402
3476
3522
3448
1369
1370
1371
1369
1370
1373
1375
1371
1373
1378
1381
1375
1378
1385
1389
1381
1385
1394
1399
1389
1394
1405
1411
1399
1405
1418
1425
1411
1418
1433
1441
1425
1433
1450
1459
1441
1450
1469
1479
1459
1469
1490
1501
1479
1490
1513
1525
1501
1513
1538
1551
1525
1538
1565
1579
1551
1565
1594
1609
1579
1594
1625
1641
1609
1625
1658
1675
1641
1658
1693
1711
1675
1693
1730
1749
1711
1730
1769
1789
1749
1769
1810
1831
1789
1810
1853
1875
1831
1853
1898
1921
1875
1898
1945
1969
1921
1945
1994
2019
1969
1994
2045
2071
2019
2045
2098
2125
2071
2098
2153
2181
2125
2153
2210
2239
2181
2210
2269
2299
2239
2269
2330
2361
2299
2330
2393
2425
2361
2393
2458
2491
2425
2458
2525
2559
2491
2525
2594
2629
2559
2594
2665
2701
2629
2665
2738
2775
2701
2738
2813
2850
2775
2813
2888
2926
2851
2890
2965
3004
2929
2969
3044
3084
3009
3050
3125
3166
3091
3133
3208
3250
3175
3218
3293
3336
3261
3305
3380
3424
3349
3394
3469
3514
3439
3485
3560
1407
1406
1406
1408
1410
1407
1408
1412
1415
1410
1412
1418
1422
1415
1418
1426
1431
1422
1426
1436
1442
1431
1436
1448
1455
1442
1448
1462
1470
1455
1462
1478
1487
1470
1478
1496
1506
1487
1496
1516
1527
1506
1516
1538
1550
1527
1538
1562
1575
1550
1562
1588
1602
1575
1588
1616
1631
1602
1616
1646
1662
1631
1646
1678
1695
1662
1678
1712
1730
1695
1712
1748
1767
1730
1748
1786
1806
1767
1786
1826
1847
1806
1826
1868
1890
1847
1868
1912
1935
1890
1912
1958
1982
1935
1958
2006
2031
1982
2006
2056
2082
2031
2056
2108
2135
2082
2108
2162
2190
2135
2162
2218
2247
2190
2218
2276
2306
2247
2276
2336
2367
2306
2336
2398
2430
2367
2398
2462
2495
2430
2462
2528
2562
2495
2528
2596
2631
2562
2596
2666
2702
2631
2666
2738
2775
2702
2738
2812
2850
2775
2812
2888
2926
2850
2888
2964
3003
2927
2966
3042
3082
3006
3046
3122
3163
3087
3128
3204
3246
3170
3212
3288
3331
3255
3298
3374
3418
3342
3386
3462
3507
3431
3476
3552
3598
3522
1444
1445
1446
1444
1445
1448
1450
1446
1448
1453
1456
1450
1453
1460
1464
1456
1460
1469
1474
1464
1469
1480
1486
1474
1480
1493
1500
1486
1493
1508
1516
1500
1508
1525
1534
1516
1525
1544
1554
1534
1544
1565
1576
1554
1565
1588
1600
1576
1588
1613
1626
1600
1613
1640
1654
1626
1640
1669
1684
1654
1669
1700
1716
1684
1700
1733
1750
1716
1733
1768
1786
1750
1768
1805
1824
1786
1805
1844
1864
1824
1844
1885
1906
1864
1885
1928
1950
1906
1928
1973
1996
1950
1973
2020
2044
1996
2020
2069
2094
2044
2069
2120
2146
2094
2120
2173
2200
2146
2173
2228
2256
2200
2228
2285
2314
2256
2285
2344
2374
2314
2344
2405
2436
2374
2405
2468
2500
2436
2468
2533
2566
2500
2533
2600
2634
2566
2600
2669
2704
2634
2669
2740
2776
2704
2740
2813
2850
2776
2813
2888
2926
2850
2888
2965
3003
2926
2965
3042
3081
3004
3044
3121
3161
3084
3125
3202
3243
3166
3208
3285
3327
3250
3293
3370
3413
3336
3380
3457
3501
3424
3469
3546
3591
3514
3560
3637
1483
1482
1482
1484
1486
1483
1484
1488
1491
1486
1488
1494
1498
1491
1494
1502
1507
1498
1502
1512
1518
1507
1512
1524
1531
1518
1524
1538
1546
1531
1538
1554
1563
1546
1554
1572
1582
1563
1572
1592
1603
1582
1592
1614
1626
1603
1614
1638
1651
1626
1638
1664
1678
1651
1664
1692
1707
1678
1692
1722
1738
1707
1722
1754
1771
1738
1754
1788
1806
1771
1788
1824
1843
1806
1824
1862
1882
1843
1862
1902
1923
1882
1902
1944
1966
1923
1944
1988
2011
1966
1988
2034
2058
2011
2034
2082
2107
2058
2082
2132
2158
2107
2132
2184
2211
2158
2184
2238
2266
2211
2238
2294
2323
2266
2294
2352
2382
2323
2352
2412
2443
2382
2412
2474
2506
2443
2474
2538
2571
2506
2538
2604
2638
2571
2604
2672
2707
2638
2672
2742
2778
2707
2742
2814
2851
2778
2814
2888
2926
2851
2888
2964
3003
2926
2964
3042
3081
3003
3042
3120
3160
3082
3122
3200
3241
3163
3204
3282
3324
3246
3288
3366
3409
3331
3374
3452
3496
3418
3462
3540
3585
3507
3552
3630
3676
3598
1521
1522
1523
1521
1522
1525
1527
1523
1525
1530
1533
1527
1530
1537
1541
1533
1537
1546
1551
1541
1546
1557
1563
1551
1557
1570
1577
1563
1570
1585
1593
1577
1585
1602
1611
1593
1602
1621
1631
1611
1621
1642
1653
1631
1642
1665
1677
1653
1665
1690
1703
1677
1690
1717
1731
1703
1717
1746
1761
1731
1746
1777
1793
1761
1777
1810
1827
1793
1810
1845
1863
1827
1845
1882
1901
1863
1882
1921
1941
1901
1921
1962
1983
1941
1962
2005
2027
1983
2005
2050
2073
2027
2050
2097
2121
2073
2097
2146
2171
2121
2146
2197
2223
2171
2197
2250
2277
2223
2250
2305
2333
2277
2305
2362
2391
2333
2362
2421
2451
2391
2421
2482
2513
2451
2482
2545
2577
2513
2545
2610
2643
2577
2610
2677
2711
2643
2677
2746
2781
2711
2746
2817
2853
2781
2817
2890
2927
2853
2890
2965
3003
2927
2965
3042
3081
3003
3042
3121
3160
3081
3121
3200
3240
3161
3202
3281
3322
3243
3285
3364
3406
3327
3370
3449
3492
3413
3457
3536
3580
3501
3546
3625
3670
3591
3637
3716
1561
1560
1560
1562
1564
1561
1562
1566
1569
1564
1566
1572
1576
1569
1572
1580
1585
1576
1580
1590
1596
1585
1590
1602
1609
1596
1602
1616
1624
1609
1616
1632
1641
1624
1632
1650
1660
1641
1650
1670
1681
1660
1670
1692
1704
1681
1692
1716
1729
1704
1716
1742
1756
1729
1742
1770
1785
1756
1770
1800
1816
1785
1800
1832
1849
1816
1832
1866
1884
1849
1866
1902
1921
1884
1902
1940
1960
1921
1940
1980
2001
1960
1980
2022
2044
2001
2022
2066
2089
2044
2066
2112
2136
2089
2112
2160
2185
2136
2160
2210
2236
2185
2210
2262
2289
2236
2262
2316
2344
2289
2316
2372
2401
2344
2372
2430
2460
2401
2430
2490
2521
2460
2490
2552
2584
2521
2552
2616
2649
2584
2616
2682
2716
2649
2682
2750
2785
2716
2750
2820
2856
2785
2820
2892
2929
2856
2892
2966
3004
2929
2966
3042
3081
3004
3042
3120
3160
3081
3120
3200
3240
3160
3200
3280
3321
3241
3282
3362
3404
3324
3366
3446
3489
3409
3452
3532
3576
3496
3540
3620
3665
3585
3630
3710
3756
3676
1600
1601
1602
1600
1601
1604
1606
1602
1604
1609
1612
1606
1609
1616
1620
1612
1616
1625
1630
1620
1625
1636
1642
1630
1636
1649
1656
1642
1649
1664
1672
1656
1664
1681
1690
1672
1681
1700
1710
1690
1700
1721
1732
1710
1721
1744
1756
1732
1744
1769
1782
1756
1769
1796
1810
1782
1796
1825
1840
1810
1825
1856
1872
1840
1856
1889
1906
1872
1889
1924
1942
1906
1924
1961
1980
1942
1961
2000
2020
1980
2000
2041
2062
2020
2041
2084
2106
2062
2084
2129
2152
2106
2129
2176
2200
2152
2176
2225
2250
2200
2225
2276
2302
2250
2276
2329
2356
2302
2329
2384
2412
2356
2384
2441
2470
2412
2441
2500
2530
2470
2500
2561
2592
2530
2561
2624
2656
2592
2624
2689
2722
2656
2689
2756
2790
2722
2756
2825
2860
2790
2825
2896
2932
2860
2896
2969
3006
2932
2969
3044
3082
3006
3044
3121
3160
3082
3121
3200
3240
3160
3200
3281
3321
3240
3281
3362
3403
3322
3364
3445
3487
3406
3449
3530
3573
3492
3536
3617
3661
3580
3625
3706
3751
3670
3716
3797
1641
1640
1640
1642
1644
1641
1642
1646
1649
1644
1646
1652
1656
1649
1652
1660
1665
1656
1660
1670
1676
1665
1670
1682
1689
1676
1682
1696
1704
1689
1696
1712
1721
1704
1712
1730
1740
1721
1730
1750
1761
1740
1750
1772
1784
1761
1772
1796
1809
1784
1796
1822
1836
1809
1822
1850
1865
1836
1850
1880
1896
1865
1880
1912
1929
1896
1912
1946
1964
1929
1946
1982
2001
1964
1982
2020
2040
2001
2020
2060
2081
2040
2060
2102
2124
2081
2102
2146
2169
2124
2146
2192
2216
2169
2192
2240
2265
2216
2240
2290
2316
2265
2290
2342
2369
2316
2342
2396
2424
2369
2396
2452
2481
2424
2452
2510
2540
2481
2510
2570
2601
2540
2570
2632
2664
2601
2632
2696
2729
2664
2696
2762
2796
2729
2762
2830
2865
2796
2830
2900
2936
2865
2900
2972
3009
2936
2972
3046
3084
3009
3046
3122
3161
3084
3122
3200
3240
3161
3200
3280
3321
3240
3280
3362
3403
3321
3362
3444
3486
3404
3446
3528
3571
3489
3532
3614
3658
3576
3620
3702
3747
3665
3710
3792
3838
3756
1681
1682
1683
1681
1682
1685
1687
1683
1685
1690
1693
1687
1690
1697
1701
1693
1697
1706
1711
1701
1706
1717
1723
1711
1717
1730
1737
1723
1730
1745
1753
1737
1745
1762
1771
1753
1762
1781
1791
1771
1781
1802
1813
1791
1802
1825
1837
1813
1825
1850
1863
1837
1850
1877
1891
1863
1877
1906
1921
1891
1906
1937
1953
1921
1937
1970
1987
1953
1970
2005
2023
1987
2005
2042
2061
2023
2042
2081
2101
2061
2081
2122
2143
2101
2122
2165
2187
2143
2165
2210
2233
2187
2210
2257
2281
2233
2257
2306
2331
2281
2306
2357
2383
2331
2357
2410
2437
2383
2410
2465
2493
2437
2465
2522
2551
2493
2522
2581
2611
2551
2581
2642
2673
2611
2642
2705
2737
2673
2705
2770
2803
2737
2770
2837
2871
2803
2837
2906
2941
2871
2906
2977
3013
2941
2977
3050
3087
3013
3050
3125
3163
3087
3125
3202
3241
3163
3202
3281
3321
3241
3281
3362
3403
3321
3362
3445
3486
3403
3445
3528
3570
3487
3530
3613
3656
3573
3617
3700
3744
3661
3706
3789
3834
3751
3797
3880
1723
1722
1722
1724
1726
1723
1724
1728
1731
1726
1728
1734
1738
1731
1734
1742
1747
1738
1742
1752
1758
1747
1752
1764
1771
1758
1764
1778
1786
1771
1778
1794
1803
1786
1794
1812
1822
1803
1812
1832
1843
1822
1832
1854
1866
1843
1854
1878
1891
1866
1878
1904
1918
1891
1904
1932
1947
1918
1932
1962
1978
1947
1962
1994
2011
1978
1994
2028
2046
2011
2028
2064
2083
2046
2064
2102
2122
2083
2102
2142
2163
2122
2142
2184
2206
2163
2184
2228
2251
2206
2228
2274
2298
2251
2274
2322
2347
2298
2322
2372
2398
2347
2372
2424
2451
2398
2424
2478
2506
2451
2478
2534
2563
2506
2534
2592
2622
2563
2592
2652
2683
2622
2652
2714
2746
2683
2714
2778
2811
2746
2778
2844
2878
2811
2844
2912
2947
2878
2912
2982
3018
2947
2982
3054
3091
3018
3054
3128
3166
3091
3128
3204
3243
3166
3204
3282
3322
3243
3282
3362
3403
3322
3362
3444
3486
3403
3444
3528
3570
3486
3528
3612
3655
3571
3614
3698
3742
3658
3702
3786
3831
3747
3792
3876
3922
3838
1764
1765
1766
1764
1765
1768
1770
1766
1768
1773
1776
1770
1773
1780
1784
1776
1780
1789
1794
1784
1789
1800
1806
1794
1800
1813
1820
1806
1813
1828
1836
1820
1828
1845
1854
1836
1845
1864
1874
1854
1864
1885
1896
1874
1885
1908
1920
1896
1908
1933
1946
1920
1933
1960
1974
1946
1960
1989
2004
1974
1989
2020
2036
2004
2020
2053
2070
2036
2053
2088
2106
2070
2088
2125
2144
2106
2125
2164
2184
2144
2164
2205
2226
2184
2205
2248
2270
2226
2248
2293
2316
2270
2293
2340
2364
2316
2340
2389
2414
2364
2389
2440
2466
2414
2440
2493
2520
2466
2493
2548
2576
2520
2548
2605
2634
2576
2605
2664
2694
2634
2664
2725
2756
2694
2725
2788
2820
2756
2788
2853
2886
2820
2853
2920
2954
2886
2920
2989
3024
2954
2989
3060
3096
3024
3060
3133
3170
3096
3133
3208
3246
3170
3208
3285
3324
3246
3285
3364
3404
3324
3364
3445
3486
3404
3445
3528
3570
3486
3528
3613
3655
3570
3613
3698
3741
3656
3700
3785
3829
3744
3789
3874
3919
3834
3880
3965
1807
1806
1806
1808
1810
1807
1808
1812
1815
1810
1812
1818
1822
1815
1818
1826
1831
1822
1826
1836
1842
1831
1836
1848
1855
1842
1848
1862
1870
1855
1862
1878
1887
1870
1878
1896
1906
1887
1896
1916
1927
1906
1916
1938
1950
1927
1938
1962
1975
1950
1962
1988
2002
1975
1988
2016
2031
2002
2016
2046
2062
2031
2046
2078
2095
2062
2078
2112
2130
2095
2112
2148
2167
2130
2148
2186
2206
2167
2186
2226
2247
2206
2226
2268
2290
2247
2268
2312
2335
2290
2312
2358
2382
2335
2358
2406
2431
2382
2406
2456
2482
2431
2456
2508
2535
2482
2508
2562
2590
2535
2562
2618
2647
2590
2618
2676
2706
2647
2676
2736
2767
2706
2736
2798
2830
2767
2798
2862
2895
2830
2862
2928
2962
2895
2928
2996
3031
2962
2996
3066
3102
3031
3066
3138
3175
3102
3138
3212
3250
3175
3212
3288
3327
3250
3288
3366
3406
3327
3366
3446
3487
3406
3446
3528
3570
3487
3528
3612
3655
3570
3612
3698
3741
3655
3698
3784
3828
3742
3786
3872
3917
3831
3876
3962
4008
3922
1849
1850
1851
1849
1850
1853
1855
1851
1853
1858
1861
1855
1858
1865
1869
1861
1865
1874
1879
1869
1874
1885
1891
1879
1885
1898
1905
1891
1898
1913
1921
1905
1913
1930
1939
1921
1930
1949
1959
1939
1949
1970
1981
1959
1970
1993
2005
1981
1993
2018
2031
2005
2018
2045
2059
2031
2045
2074
2089
2059
2074
2105
2121
2089
2105
2138
2155
2121
2138
2173
2191
2155
2173
2210
2229
2191
2210
2249
2269
2229
2249
2290
2311
2269
2290
2333
2355
2311
2333
2378
2401
2355
2378
2425
2449
2401
2425
2474
2499
2449
2474
2525
2551
2499
2525
2578
2605
2551
2578
2633
2661
2605
2633
2690
2719
2661
2690
2749
2779
2719
2749
2810
2841
2779
2810
2873
2905
2841
2873
2938
2971
2905
2938
3005
3039
2971
3005
3074
3109
3039
3074
3145
3181
3109
3145
3218
3255
3181
3218
3293
3331
3255
3293
3370
3409
3331
3370
3449
3489
3409
3449
3530
3571
3489
3530
3613
3655
3571
3613
3698
3741
3655
3698
3785
3828
3741
3785
3872
3916
3829
3874
3961
4006
3919
3965
4052
1893
1892
1892
1894
1896
1893
1894
1898
1901
1896
1898
1904
1908
1901
1904
1912
1917
1908
1912
1922
1928
1917
1922
1934
1941
1928
1934
1948
1956
1941
1948
1964
1973
1956
1964
1982
1992
1973
1982
2002
2013
1992
2002
2024
2036
2013
2024
2048
2061
2036
2048
2074
2088
2061
2074
2102
2117
2088
2102
2132
2148
2117
2132
2164
2181
2148
2164
2198
2216
2181
2198
2234
2253
2216
2234
2272
2292
2253
2272
2312
2333
2292
2312
2354
2376
2333
2354
2398
2421
2376
2398
2444
2468
2421
2444
2492
2517
2468
2492
2542
2568
2517
2542
2594
2621
2568
2594
2648
2676
2621
2648
2704
2733
2676
2704
2762
2792
2733
2762
2822
2853
2792
2822
2884
2916
2853
2884
2948
2981
2916
2948
3014
3048
2981
3014
3082
3117
3048
3082
3152
3188
3117
3152
3224
3261
3188
3224
3298
3336
3261
3298
3374
3413
3336
3374
3452
3492
3413
3452
3532
3573
3492
3532
3614
3656
3573
3614
3698
3741
3656
3698
3784
3828
3741
3784
3872
3916
3828
3872
3960
4005
3917
3962
4050
4096
4008
1936
1937
1938
1936
1937
1940
1942
1938
1940
1945
1948
1942
1945
1952
1956
1948
1952
1961
1966
1956
1961
1972
1978
1966
1972
1985
1992
1978
1985
2000
2008
1992
2000
2017
2026
2008
2017
2036
2046
2026
2036
2057
2068
2046
2057
2080
2092
2068
2080
2105
2118
2092
2105
2132
2146
2118
2132
2161
2176
2146
2161
2192
2208
2176
2192
2225
2242
2208
2225
2260
2278
2242
2260
2297
2316
2278
2297
2336
2356
2316
2336
2377
2398
2356
2377
2420
2442
2398
2420
2465
2488
2442
2465
2512
2536
2488
2512
2561
2586
2536
2561
2612
2638
2586
2612
2665
2692
2638
2665
2720
2748
2692
2720
2777
2806
2748
2777
2836
2866
2806
2836
2897
2928
2866
2897
2960
2992
2928
2960
3025
3058
2992
3025
3092
3126
3058
3092
3161
3196
3126
3161
3232
3268
3196
3232
3305
3342
3268
3305
3380
3418
3342
3380
3457
3496
3418
3457
3536
3576
3496
3536
3617
3658
3576
3617
3700
3742
3658
3700
3785
3828
3742
3785
3872
3916
3828
3872
3961
4005
3916
3961
4050
4095
4006
4052
4141
1981
1980
1980
1982
1984
1981
1982
1986
1989
1984
1986
1992
1996
1989
1992
2000
2005
1996
2000
2010
2016
2005
2010
2022
2029
2016
2022
2036
2044
2029
2036
2052
2061
2044
2052
2070
2080
2061
2070
2090
2101
2080
2090
2112
2124
2101
2112
2136
2149
2124
2136
2162
2176
2149
2162
2190
2205
2176
2190
2220
2236
2205
2220
2252
2269
2236
2252
2286
2304
2269
2286
2322
2341
2304
2322
2360
2380
2341
2360
2400
2421
2380
2400
2442
2464
2421
2442
2486
2509
2464
2486
2532
2556
2509
2532
2580
2605
2556
2580
2630
2656
2605
2630
2682
2709
2656
2682
2736
2764
2709
2736
2792
2821
2764
2792
2850
2880
2821
2850
2910
2941
2880
2910
2972
3004
2941
2972
3036
3069
3004
3036
3102
3136
3069
3102
3170
3205
3136
3170
3240
3276
3205
3240
3312
3349
3276
3312
3386
3424
3349
3386
3462
3501
3424
3462
3540
3580
3501
3540
3620
3661
3580
3620
3702
3744
3661
3702
3786
3829
3744
3786
3872
3916
3829
3872
3960
4005
3916
3960
4050
4095
4005
4050
4140
4186
4096
2025
2026
2027
2025
2026
2029
2031
2027
2029
2034
2037
2031
2034
2041
2045
2037
2041
2050
2055
2045
2050
2061
2067
2055
2061
2074
2081
2067
2074
2089
2097
2081
2089
2106
2115
2097
2106
2125
2135
2115
2125
2146
2157
2135
2146
2169
2181
2157
2169
2194
2207
2181
2194
2221
2235
2207
2221
2250
2265
2235
2250
2281
2297
2265
2281
2314
2331
2297
2314
2349
2367
2331
2349
2386
2405
2367
2386
2425
2445
2405
2425
2466
2487
2445
2466
2509
2531
2487
2509
2554
2577
2531
2554
2601
2625
2577
2601
2650
2675
2625
2650
2701
2727
2675
2701
2754
2781
2727
2754
2809
2837
2781
2809
2866
2895
2837
2866
2925
2955
2895
2925
2986
3017
2955
2986
3049
3081
3017
3049
3114
3147
3081
3114
3181
3215
3147
3181
3250
3285
3215
3250
3321
3357
3285
3321
3394
3431
3357
3394
3469
3507
3431
3469
3546
3585
3507
3546
3625
3665
3585
3625
3706
3747
3665
3706
3789
3831
3747
3789
3874
3917
3831
3874
3961
4005
3917
3961
4050
4095
4005
4050
4141
4186
4095
4141
4232
2071
2070
2070
2072
2074
2071
2072
2076
2079
2074
2076
2082
2086
2079
2082
2090
2095
2086
2090
2100
2106
2095
2100
2112
2119
2106
2112
2126
2134
2119
2126
2142
2151
2134
2142
2160
2170
2151
2160
2180
2191
2170
2180
2202
2214
2191
2202
2226
2239
2214
2226
2252
2266
2239
2252
2280
2295
2266
2280
2310
2326
2295
2310
2342
2359
2326
2342
2376
2394
2359
2376
2412
2431
2394
2412
2450
2470
2431
2450
2490
2511
2470
2490
2532
2554
2511
2532
2576
2599
2554
2576
2622
2646
2599
2622
2670
2695
2646
2670
2720
2746
2695
2720
2772
2799
2746
2772
2826
2854
2799
2826
2882
2911
2854
2882
2940
2970
2911
2940
3000
3031
2970
3000
3062
3094
3031
3062
3126
3159
3094
3126
3192
3226
3159
3192
3260
3295
3226
3260
3330
3366
3295
3330
3402
3439
3366
3402
3476
3514
3439
3476
3552
3591
3514
3552
3630
3670
3591
3630
3710
3751
3670
3710
3792
3834
3751
3792
3876
3919
3834
3876
3962
4006
3919
3962
4050
4095
4006
4050
4140
4186
4095
4140
4232
4278
4186
2116
2117
2118
2116
2117
2120
2122
2118
2120
2125
2128
2122
2125
2132
2136
2128
2132
2141
2146
2136
2141
2152
2158
2146
2152
2165
2172
2158
2165
2180
2188
2172
2180
2197
2206
2188
2197
2216
2226
2206
2216
2237
2248
2226
2237
2260
2272
2248
2260
2285
2298
2272
2285
2312
2326
2298
2312
2341
2356
2326
2341
2372
2388
2356
2372
2405
2422
2388
2405
2440
2458
2422
2440
2477
2496
2458
2477
2516
2536
2496
2516
2557
2578
2536
2557
2600
2622
2578
2600
2645
2668
2622
2645
2692
2716
2668
2692
2741
2766
2716
2741
2792
2818
2766
2792
2845
2872
2818
2845
2900
2928
2872
2900
2957
2986
2928
2957
3016
3046
2986
3016
3077
3108
3046
3077
3140
3172
3108
3140
3205
3238
3172
3205
3272
3306
3238
3272
3341
3376
3306
3341
3412
3448
3376
3412
3485
3522
3448
3485
3560
3598
3522
3560
3637
3676
3598
3637
3716
3756
3676
3716
3797
3838
3756
3797
3880
3922
3838
3880
3965
4008
3922
3965
4052
4096
4008
4052
4141
4186
4096
4141
4232
4278
4186
4232
4325
